% Model:              poisson2d_cg_simple.mph
% Version:            COMSOL 6.0.0.354
% Date:               May 26 2023, 18:27
% Dimension:          2
% Nodes:              1246
% Expressions:        1
% Description:        因变量 u
% Length unit:        m
% X                       Y                        u (1)
-0.4728706214840475       -0.44477852828979264     0.9163394496968521
-0.5                      -0.42592592592592593     1
-0.5                      -0.462962962962963       1
-0.4760667850287342       -0.47504032529815354     0.966619261625228
-0.5                      -0.5                     1
-0.4629629629629636       -0.5                     1
-0.47210956505403495      -0.4081853411510375      0.8581726026735784
-0.5                      -0.38888888888888884     1
-0.3985447553604595       -0.3641213958352899      0.2046278934087675
-0.3780845193373206       -0.36247245664978767     0
-0.38989024574933817      -0.34381488011079786     0
-0.3825542954455346       -0.38319278846926536     0.19811274034453372
-0.3624726466124591       -0.37808436735502704     0
-0.4259259259259265       -0.5                     1
-0.4445003406966596       -0.4674601352380122      0.8991005991075199
-0.4718859021761802       -0.37193507088628436     0.8065825862187378
-0.5                      -0.35185185185185186     1
-0.3973137357488975       -0.32302252884879823     0
-0.4117724359794698       -0.34388176472016063     0.2379862486284404
-0.36367155222415004      -0.3993401393669971      0.20931659037989894
-0.34381509471335553      -0.389890141146066       0
-0.4070239023975503       -0.4706067840873077      0.8486572884872606
-0.3888888888888894       -0.5                     1
-0.4660618402601181       -0.3359387376388526      0.7203688588944671
-0.5                      -0.3148148148148149      1
-0.4                      -0.3                     0
-0.418472436434356        -0.3071490025717247      0.2290471462034648
-0.3406896228760783       -0.4126407421655056      0.235485638451273
-0.3230217594024799       -0.3973139177816531      0
-0.37085529144878815      -0.47207404436742156     0.8065542007347554
-0.3518518518518523       -0.5                     1
-0.46548123036592404      -0.297256460216106       0.6955411334878592
-0.5                      -0.2777777777777778      1
-0.39731391784808434      -0.2769782408783278      0
-0.420459849515891        -0.2831116579928317      0.25715133269746565
-0.3                      -0.4                     0
-0.31264911091721265      -0.42034169128096266     0.25493808305129323
-0.3148148148148152       -0.5                     1
-0.3348526631279213       -0.4668493732491143      0.7260513122410456
-0.4661581199124645       -0.2594092809362345      0.7147625134206733
-0.5                      -0.24074074074074073     1
-0.4098017714036238       -0.25940739055021084     0.1939877807295647
-0.3898901414022481       -0.2561849058122221      0
-0.2769774713759982       -0.3973137358020799      0
-0.28270055390886484      -0.41938820144983396     0.24600603049970554
-0.2777777777777781       -0.5                     1
-0.296021057078054        -0.46742180685908047     0.7131232311800327
-0.47092052987476385      -0.22059276411461007     0.7844955050819041
-0.5                      -0.20370370370370372     1
-0.39830387854121346      -0.23866045660755847     0.16456524268280467
-0.3780843676954787       -0.2375273538130705      0
-0.25939329136094547      -0.4088842339733544      0.18470228637389163
-0.2561851203360934       -0.3898902459671648      0
-0.26059978603338385      -0.4741942379669044      0.7827840921896878
-0.24074074074074103      -0.5                     1
-0.47120431612483443      -0.1840915959278955      0.8173605245083192
-0.5                      -0.1666666666666667      1
-0.38407068921651005      -0.21789799784071517     0.1571263374756193
-0.36247245594592825      -0.22191548009954823     0
-0.236832063449358        -0.39869958147511136     0.17605064651745553
-0.23752754313019522      -0.3780845191612933      0
-0.22417379027517756      -0.4724489997895403      0.7929911001357994
-0.20370370370370394      -0.5                     1
-0.47096266940214115      -0.1481904229548537      0.8425369464709318
-0.5                      -0.12962962962962965     1
-0.3438148795852431       -0.21010975399449255     0
-0.363908812731536        -0.19991776031011316     0.14000341166975008
-0.21626977190666236      -0.38351588459553393     0.1618034049012208
-0.22191563271823447      -0.36247264670402835     0
-0.18766753860028543      -0.47200929858132634     0.8196113299602309
-0.16666666666666685      -0.5                     1
-0.4706389834579526       -0.11116162185996031     0.8619865041372986
-0.5                      -0.09259259259259259     1
-0.3230225285687367       -0.20268626418484537     0
-0.34248806555870465      -0.18625253504144704     0.13100740988552498
-0.20049777568056779      -0.36353436506251313     0.13522754578690166
-0.21010985863553422      -0.3438150942652913      0
-0.14954949917857713      -0.47130226016203614     0.8434788883047079
-0.12962962962962976      -0.5                     1
-0.11262588520500083      -0.47044199321876234     0.8603621016658313
-0.09259259259259267      -0.5                     1
-0.18904191404734932      -0.3410551240217591      0.11326195098205682
-0.20268608216487918      -0.3230217591764695      0
-0.4704770041945895       -0.07422694618745593     0.8756227243996991
-0.5                      -0.05555555555555558     1
-0.47052086202317467      -0.03722098791573314     0.884040981695831
-0.5                      -0.018518518518518573    1
-0.3                      -0.19999999999999998     0
-0.30787012527158053      -0.18139767357773148     0.08841294787837412
-0.07512780477308953      -0.47030768571885145     0.8746419169638672
-0.05555555555555558      -0.5                     1
-0.037440273284191763     -0.4703657619035818      0.8834049884713092
-0.01851851851851849      -0.5                     1
-3.276030043664409E-4     -0.47068211765943374     0.8873434621727389
0.018518518518518573      -0.5                     1
0.036727510513789724      -0.4709722094590334      0.8858687093951957
0.05555555555555558       -0.5                     1
-0.1820487786308851       -0.3162438689076763      0.09552713099029446
-0.19999999999999998      -0.3                     0
-0.18111155277984398      -0.29248123205378024     0.07924980232905178
-0.2026862642207384       -0.27697747127954736     0
-0.2101097541237059       -0.25618512014966394     0
-0.18732554251491285      -0.2562106115754895      0.06682131291436298
-0.47056976214988305      -1.9157094704384063E-4   0.8869161815471386
-0.5                      0.01851851851851849      1
-0.2769782407261428       -0.20268608218791842     0
-0.2800755289779867       -0.1791114979695611      0.08387807986440511
-0.256184905547161        -0.21010985872695048     0
-0.2560228222251261       -0.19058026524253843     0.05779964026768334
0.07337006428747396       -0.4712458345087048      0.8790794831697043
0.09259259259259259       -0.5                     1
-0.23752735231592192      -0.22191563350233892     0
-0.23452189676856158      -0.20185049939394573     0.05225326780333541
-0.19855902129833725      -0.2359768314050088      0.057910061892356694
-0.22191547886400578      -0.23752754559838013     0
-0.21539757444782026      -0.21694392764332066     0.05193012449635364
0.1103764238952778        -0.47137020471910795     0.8657537345932284
0.12962962962962965       -0.5                     1
-0.47053005706615686      0.03687162344329729      0.8841272128620813
-0.5                      0.05555555555555558      1
-0.47039294137103027      0.07407466871179139      0.8753178843286272
-0.5                      0.09259259259259267      1
-0.47067531318095296      0.11130283798337857      0.8620915772057395
-0.5                      0.12962962962962976      1
-0.47120648585118463      0.14912126637850354      0.8432402199976495
-0.5                      0.16666666666666685      1
0.14692151519342497       -0.47166316486479404     0.8471170747833056
0.1666666666666667        -0.5                     1
-0.47229189095388957      0.18750135392369208      0.8215592519993589
-0.5                      0.20370370370370394      1
-0.3780845191612933       0.23752754313019522      0
-0.3898902459671648       0.2561851203360934       0
-0.39806051754612004      0.2355805239941579       0.17621536654498182
0.1832256825405543        -0.47183573804949086     0.8220329843520621
0.20370370370370372       -0.5                     1
0.2379202396414603        -0.3982471647828492      0.16735915674510238
0.2561849058122221        -0.3898901414022481      0
0.2375273538130705        -0.3780843676954787      0
-0.3830978795005853       0.21655482473196808      0.15765050489115853
-0.36247264670402835      0.22191563271823447      0
-0.4722061870859579       0.22426225504023287      0.7910802930572385
-0.5                      0.24074074074074103      1
-0.3973137358020799       0.2769774713759982       0
-0.4083559689367504       0.2550942821298523       0.19337976043643457
0.21734785971598805       -0.3840427891731238      0.15974933316068043
0.22191548009954823       -0.36247245594592825     0
0.21916802753522893       -0.4718714985731821      0.7927436715366115
0.24074074074074073       -0.5                     1
0.2589676997291976        -0.4099142467690829      0.19647822048996655
0.2769782408783278        -0.39731391784808434     0
-0.36487605292944636      0.20080564912464133      0.13972806773271182
-0.3438150942652913       0.21010985863553422      0
-0.47154974747841555      0.25943554566841626      0.7608810058123957
-0.5                      0.2777777777777781       1
-0.4                      0.3                      0
-0.4205646582651378       0.2894413996069987       0.25266651493207254
0.21010975399449255       -0.3438148795852431      0
0.19905165098129204       -0.3638359627442798      0.14417734440211746
0.2777777777777778        -0.5                     1
0.25923820054035346       -0.4677833396769848      0.7288195363980697
0.2838400310866622        -0.42096474359803504     0.2618757776271496
0.3                       -0.4                     0
-0.34312643512893304      0.18837336011671893      0.12250783601343222
-0.3230217591764695       0.20268608216487918      0
-0.466747338703947        0.29620469030891705      0.7070469548853843
-0.5                      0.3148148148148152       1
-0.3973139177816531       0.3230217594024799       0
-0.42202843151757935      0.3149346342595631       0.27617954521114024
0.20268626418484537       -0.3230225285687367      0
0.18682841311431383       -0.34248920051709325     0.12822150432492543
0.3148148148148149        -0.5                     1
0.29725503717459667       -0.466774171854621       0.7072772280484959
0.31393747086099244       -0.42164227307658686     0.2707542470368962
0.32302252884879823       -0.3973137357488975      0
-0.3178319305406304       0.17810615730442947      0.11488072454541734
-0.3                      0.19999999999999998      0
-0.4687741201098715       0.33359130855781455      0.7413026875214375
-0.5                      0.3518518518518523       1
-0.389890141146066        0.34381509471335553      0
-0.4117005527594852       0.34120010962576564      0.22751524648110047
0.19999999999999998       -0.3                     0
0.18101787118474322       -0.3070678212905067      0.08921893875921559
0.35185185185185186       -0.5                     1
0.3341610046120539        -0.4679691689839311      0.7349459767957571
0.34381488011079786       -0.38989024574933817     0
0.3405316568256868        -0.41158518876898587     0.22395118882183704
-0.28972342705401755      0.17551056443729235      0.09857642930825374
-0.27697747127954736      0.2026862642207384       0
-0.47225952316998115      0.36961191194104986      0.8063469033262783
-0.5                      0.3888888888888894       1
-0.3990040043452872       0.36352262831890014      0.20540729298786128
-0.37808436735502704      0.3624726466124591       0
-0.47292569786449434      0.4058330406148922       0.8589777648900422
-0.5                      0.4259259259259265       1
0.20268608218791842       -0.2769782407261428      0
0.1792149665940006        -0.28006542831714676     0.08352968325350597
0.36982772172732037       -0.47149750792999257     0.8012145751990022
0.38888888888888884       -0.5                     1
0.363155101711348         -0.3990611019364877      0.20387539644002659
0.36247245664978767       -0.3780845193373206      0
0.407370738852312         -0.4728129797388053      0.8606009677634866
0.42592592592592593       -0.5                     1
-0.2607501131068072       0.1854369557993422       0.0693575694160798
-0.25618512014966394      0.2101097541237059       0
-0.3834127953037847       0.38233910158135315      0.19816410591498998
-0.36247245664978767      0.3780845193373206       0
-0.46754560686143354      0.4442401333026232       0.8988974563511432
-0.5                      0.4629629629629636       1
-0.475066409394734        0.4759844720651169       0.9665396855630168
-0.5                      0.5                      1
0.21010985872695048       -0.256184905547161       0
0.19017644269585063       -0.25587111682963726     0.059061990071927827
0.38277604400819915       -0.38295744458245423     0.19800114800925261
0.37808436735502704       -0.3624726466124591      0
0.4441739740668311        -0.47344046313830684     0.9172088079068752
0.462962962962963         -0.5                     1
0.47473649974645904       -0.47627387151385675     0.9665053639127648
0.5                       -0.5                     1
-0.23755996434594986      0.1988662110807734       0.055260423871546026
-0.23752754559838013      0.22191547886400578      0
-0.34381488011079786      0.38989024574933817      0
-0.3652873950114689       0.3972425533490713       0.1995391353965322
-0.462962962962963        0.5                      1
0.22191563350233892       -0.23752735231592192     0
0.20163571386943696       -0.23466454803533157     0.0525532247589618
0.23752754559838013       -0.22191547886400578     0
0.21650037261494243       -0.2150045226136072      0.05341938308104343
0.3988348878455728        -0.3639793178107755      0.20644962131092703
0.389890141146066         -0.34381509471335553     0
0.5                       -0.4629629629629636      1
-0.21722840732520407      0.2152175574660188       0.051756413095070196
-0.22191563350233892      0.23752735231592192      0
-0.32302252884879823      0.3973137357488975       0
-0.34500185571559283      0.41125477655056414      0.23690799597765963
-0.44482347714927367      0.4727192640599976       0.9159386611114136
-0.42592592592592593      0.5                      1
0.25618512014966394       -0.2101097541237059      0
0.23568262740709114       -0.19888531446561533     0.0575254559063812
0.41185184303692657       -0.3420046817857756      0.23194749278471863
0.3973139177816531        -0.3230217594024799      0
0.5                       -0.4259259259259265      1
0.46654556170250094       -0.4449659314680135      0.8971232620741791
-0.20104342859292346      0.23522604369429756      0.053162878342190745
-0.21010985872695048      0.256184905547161        0
-0.18966861459035103      0.25781739215173144      0.05901825064417221
-0.20268608218791842      0.2769782407261428       0
-0.3                      0.4                      0
-0.30773408453234063      0.41908221970974824      0.23634570467954985
-0.4083729261553975       0.4718720900294168       0.8572390172629768
-0.38888888888888884      0.5                      1
0.27697747127954736       -0.2026862642207384      0
0.2557655832234964        -0.18759373269066515     0.06638852307987682
0.4213487106821134        -0.31522489816540206     0.26913124529195237
0.4                       -0.3                     0
0.4701546325106044        -0.40847724732893625     0.8486146499302546
0.5                       -0.3888888888888894      1
-0.18327924689153513      0.28157177597110494      0.06956242619824853
-0.19999999999999998      0.3                      0
-0.18071034139875708      0.305481306238246        0.08902109904739623
-0.20268626418484537      0.3230225285687367       0
-0.2593747448879734       0.40875508785826886      0.1834491151217986
-0.2769782408783278       0.39731391784808434      0
-0.2561849058122221       0.3898901414022481       0
-0.2827055915807022       0.42014634092303466      0.25422370869226213
-0.371835273309633        0.4717215480316026       0.8053060019041852
-0.35185185185185186      0.5                      1
0.3                       -0.19999999999999998     0
0.29249851284940515       -0.18035965848424731     0.08209509052305765
0.420228191053581         -0.2897630311528251      0.24873377790176862
0.3973137358020799        -0.2769774713759982      0
0.47204223667731193       -0.3704011225389625      0.805761693776133
0.5                       -0.3518518518518523      1
-0.21010975399449255      0.3438148795852431       0
-0.18613979817560203      0.3414225697735614       0.1285237514415654
-0.20050848700143026      0.3628695475326527       0.13220515153420165
-0.22191548009954823      0.36247245594592825      0
-0.23802154462018382      0.3979414071599934       0.16429712178650757
-0.2375273538130705       0.3780843676954787       0
-0.21770579123634726      0.38318407372933494      0.15228999011396185
-0.3361721512481637       0.4660358897171445       0.7203682952557867
-0.3148148148148149       0.5                      1
0.3230217591764695        -0.20268608216487918     0
0.3189309256085623        -0.17931094859804778     0.11144716725442583
0.3438150942652913        -0.21010985863553422     0
0.3418669772567732        -0.19084202199008365     0.10642685020994237
0.36368567983208155       -0.20144854495734438     0.13085634502545077
0.36247264670402835       -0.22191563271823447     0
0.3898902459671648        -0.2561851203360934      0
0.4082380502747201        -0.2553159466591304      0.1914722176372555
0.3976001135433647        -0.23578069513796987     0.17146093434242138
0.3780845191612933        -0.23752754313019522     0
0.3823990308567335        -0.21723883374570663     0.14959245132426732
0.5                       -0.3148148148148152      1
0.46683642927594493       -0.3349460040731737      0.72602054654026
-0.2977683407093895       0.46543968827767607      0.6951888799150314
-0.2777777777777778       0.5                      1
0.5                       -0.2777777777777781      1
0.46631769515663013       -0.29663086333695776     0.7031546788042576
-0.2617888306649316       0.4648502319798916       0.7018573485328384
-0.24074074074074073      0.5                      1
0.4711166533056273        -0.25988517931488647     0.7569315751771158
0.5                       -0.24074074074074103     1
-0.2233363647274451       0.47010650918236463      0.7760414073739837
-0.20370370370370372      0.5                      1
0.5                       -0.20370370370370394     1
0.47013212440016305       -0.22618566614890595     0.7737665228220255
-0.18397243437293032      0.47069403043512453      0.814241249304582
-0.1666666666666667       0.5                      1
0.21624374858275972       0.21646288587374218      0.05126632569783745
0.23752735231592192       0.22191563350233892      0
0.22191547886400578       0.23752754559838013      0
0.47020168639738086       -0.18825702331819083     0.8075068512610838
0.5                       -0.16666666666666685     1
0.2101097541237059        0.25618512014966394      0
0.1998481636603248        0.23592521351048082      0.05501119626781007
-0.14695485027610197      0.470849623364402        0.84274469524558
-0.12962962962962965      0.5                      1
0.23534013008030874       0.20012433695177023      0.05512703413147129
0.256184905547161         0.21010985872695048      0
0.4703310850322684        -0.15021590404507035     0.8377730391068349
0.5                       -0.12962962962962976     1
0.2026862642207384        0.27697747127954736      0
0.18772650518865128       0.25640031097770233      0.06556522122805845
-0.11045168891195238      0.4706885059389388       0.8625536870699667
-0.09259259259259259      0.5                      1
0.2573074423761783        0.1877542066872038       0.06486166256506515
0.2769782407261428        0.20268608218791842      0
0.47013737335438904       -0.11225856499228502     0.8591227307600587
0.5                       -0.09259259259259267     1
0.19999999999999998       0.3                      0
0.18164814599090978       0.2924062351102144       0.07717950788274963
-0.07390154928974411      0.47049333608967386      0.8757884435316293
-0.05555555555555558      0.5                      1
0.28220586828570465       0.17733618982363614      0.09008086930272083
0.3                       0.19999999999999998      0
0.47016920067825085       -0.07475228572181278     0.8741773634038622
0.5                       -0.05555555555555558     1
0.20268608216487918       0.3230217591764695       0
0.18223533283882162       0.3169931084480712       0.09575802221777119
-0.03714887950882729      0.47038189777806183      0.8835104284899503
-0.018518518518518573     0.5                      1
0.31079490552672523       0.17556551018973304      0.11560107435361412
0.3230225285687367        0.20268626418484537      0
0.47050629776017755       -0.03741028493490563     0.8839567752663289
0.5                       -0.01851851851851849     1
0.21010985863553422       0.3438150942652913       0
0.1888403406176425        0.34095414154394754      0.11398093042349343
-2.1668081830922455E-4    0.47037206288148203      0.8861641558107779
0.01851851851851849       0.5                      1
0.33978542955732544       0.18575079470084505      0.1258832878141143
0.3438148795852431        0.21010975399449255      0
0.47063371161313994       -3.512729982447681E-4    0.8871594371510528
0.5                       0.018518518518518573     1
0.20013803186712423       0.36304408568695956      0.13492014124262253
0.22191563271823447       0.36247264670402835      0
0.03676740977866385       0.4704222842887073       0.8837229437385637
0.05555555555555558       0.5                      1
0.3622656377823734        0.19954171148430258      0.13460866799111357
0.36247245594592825       0.22191548009954823      0
0.4706559485190081        0.03663998783995014      0.8846507437037666
0.5                       0.05555555555555558      1
0.2160925945966556        0.3821416060191872       0.15388259997007528
0.23752754313019522       0.3780845191612933       0
0.07383942165712477       0.470535620365151        0.8759837933132024
0.09259259259259267       0.5                      1
0.38194125554178066       0.21541525669256897      0.15610466514184404
0.3780843676954787        0.2375273538130705       0
0.47054754945302907       0.07378290125290157      0.8760506946401713
0.5                       0.09259259259259259      1
0.2561851203360934        0.3898902459671648       0
0.23501370944123032       0.3976647481124912       0.1754587286716025
0.11125824146217984       0.47072907058847624      0.8623607477964885
0.12962962962962976       0.5                      1
0.3981582431136781        0.23454128663384777      0.1816497559906887
0.3898901414022481        0.2561849058122221       0
0.470488103227661         0.11106112010855801      0.8613342799180242
0.5                       0.12962962962962965      1
0.2769774713759982        0.3973137358020799       0
0.2554811690207928        0.4094567687982842       0.2029645935234062
0.14964181271856436       0.47140581028788087      0.8439798381195328
0.16666666666666685       0.5                      1
0.41102010751238416       0.2563745820900485       0.2155477642355714
0.39731391784808434       0.2769782408783278       0
0.4707384005510646        0.14818394575392121      0.8413445003244912
0.5                       0.1666666666666667       1
0.2916953437245404        0.41473656043313767      0.1853174122492926
0.3                       0.4                      0
0.1868464236601802        0.47101061081635165      0.8138791480883397
0.20370370370370394       0.5                      1
0.42008367114870715       0.28200538149747784      0.2543788424598843
0.4                       0.3                      0
0.4704868119858958        0.1858254681989059       0.8113825566573772
0.5                       0.20370370370370372      1
0.3230217594024799        0.3973139177816531       0
0.3138436616207015        0.41877094999392506      0.23878402451964303
0.22423326641787208       0.4723077155310548       0.7918855692000398
0.24074074074074103       0.5                      1
0.41888346093673345       0.30724011969010784      0.23375300454091263
0.3973137357488975        0.32302252884879823      0
0.4709137961794537        0.22307994813491372      0.7823288375799332
0.5                       0.24074074074074073      1
0.34381509471335553       0.389890141146066        0
0.34032681402139475       0.41146497905901447      0.22194887431189955
0.26048638316521006       0.47396481450934935      0.7809037333620467
0.2777777777777781        0.5                      1
0.36300467499586786       0.3991636248183129       0.20396852887185882
0.3624726466124591        0.37808436735502704      0
0.3825688206333458        0.3834399149935917       0.2000772452082333
0.3780845193373206        0.36247245664978767      0
0.38989024574933817       0.34381488011079786      0
0.41164725548983316       0.3447514037535496       0.23994701589687706
0.3984957357961105        0.3647879670003005       0.20797223878306023
0.5                       0.2777777777777778       1
0.4662104320539756        0.2591510818672631       0.7153746613116371
0.3148148148148152        0.5                      1
0.2965298772973739        0.46796061436389663      0.7180063083370241
0.5                       0.3148148148148149       1
0.46563140908282685       0.2974135455639382       0.6969107188099173
0.3518518518518523        0.5                      1
0.3345147573332333        0.4671116720711632       0.727989570952718
0.5                       0.35185185185185186      1
0.46611927574676326       0.33607959405454935      0.7209948529799644
0.3691470875736277        0.47123415256628653      0.7984866747129978
0.3888888888888894        0.5                      1
0.47082021267769447       0.3705442642618587       0.7973302707797881
0.5                       0.38888888888888884      1
0.40629643242636354       0.4718575844012358       0.8540595072143936
0.4259259259259265        0.5                      1
0.47187941234439296       0.40808368477833606      0.8568409189027325
0.5                       0.42592592592592593      1
0.4431624617450944        0.4670916415873262       0.8955017354244178
0.4629629629629636        0.5                      1
0.47271056374406856       0.44452355553338596      0.9154563247872615
0.5                       0.462962962962963        1
0.47576719769042536       0.47491563201673503      0.9660321551201154
0.5                       0.5                      1
-0.4445470377391275       -0.4290964804276915      0.779681394708914
-0.4401706866309705       -0.3899730192593916      0.6332968608737103
-0.422862275665449        -0.363780889835354       0.41523726947641365
-0.4063825295485748       -0.38687355398972767     0.3942906140768642
-0.41333715710261976      -0.4162073604448225      0.5892813910626128
-0.4189179391962748       -0.44367786261876707     0.744147666973574
-0.3861697695902438       -0.40826481761876304     0.40369575979689315
-0.4471187883924966       -0.36005335930247406     0.6018319845756813
-0.4349828111665383       -0.3393886656847067      0.4510217796244657
-0.42114190259349255      -0.32655082046804884     0.2859631619781912
-0.3881380533386645       -0.44015682630037567     0.6274614982831374
-0.3623258228787364       -0.42315136367820416     0.41227780324796476
-0.4431034035440894       -0.3168740721653874      0.4941511683491095
-0.43837315653003567      -0.29685847120093717     0.4378144503132625
-0.35833649075643864      -0.44711555128734415     0.5979856449797915
-0.3372021475441044       -0.43598427440189214     0.4557803946792079
-0.4448584577829225       -0.279164932493586       0.5080779429566813
-0.3148869884013965       -0.4453499358280618      0.5141506787779971
-0.4338538731407759       -0.2591167434867247      0.42779698647950587
-0.29572567349189893      -0.4389845155136589      0.4439408890351034
-0.41898898500238146      -0.24239228253397244     0.3314477866221625
-0.4428560552273718       -0.23121491641351258     0.5554953851085171
-0.2733403520204357       -0.4463506441848149      0.5266048408824117
-0.2594498806679745       -0.42866473784646325     0.3785666670171891
-0.4126242109085641       -0.21514317401986094     0.36631713125517734
-0.44270638052029176      -0.19978470738938628     0.6119998400422594
-0.24415827929682518      -0.448669464122845       0.5819802592256273
-0.23747398694571928      -0.4204360424636252      0.3579956069550007
-0.3883124049677202       -0.19034118405972206     0.3044696712970882
-0.41557780097792013      -0.18015460093074048     0.486968205589462
-0.44274294657338104      -0.16454511860352616     0.6706724763245676
-0.36025690546830996      -0.16909058483589584     0.2620863171222409
-0.21254487735274194      -0.4079867144199132      0.3425014480021935
-0.2081726932761259       -0.4398209980661662      0.5765248211930986
-0.38968250409781835      -0.15995839290768055     0.4110952490138517
-0.3685361156956683       -0.14689652441331402     0.36345116967826235
-0.34839644173656437      -0.14406147678896764     0.30666508603279935
-0.3601921960107518       -0.13261649705386086     0.3729176648292779
-0.41423919474567533      -0.14555745166634051     0.5572521620598118
-0.4419014011461704       -0.12882120586736817     0.7129932573346789
-0.3373893133925349       -0.16229794945561812     0.2175523685349429
-0.32568706146258586      -0.17803830780157454     0.1287107368044559
-0.1915628181718465       -0.387640419378115       0.29619289766222406
-0.1818690188919491       -0.41358353049243357     0.4712429457586749
-0.16919538619182004      -0.4435090421425528      0.6679942249918326
-0.33060838770925144      -0.13799393410285246     0.27794643099235344
-0.3457568516334899       -0.12246734390910027     0.3546220005388406
-0.38368850446543773      -0.12915918252896447     0.4621497712309845
-0.36203509311713356      -0.11514222226349458     0.4173242832087996
-0.44099790571121716      -0.09274169466622914     0.7428183072428776
-0.41184456191776914      -0.11070208977750712     0.6039285534235935
-0.31603026386909944      -0.15761957999869364     0.18909080018706595
-0.17395429671201704      -0.36254780250853724     0.25196122465515164
-0.16114346881010994      -0.3876557780279716      0.3987444367041905
-0.14713308838253428      -0.413564362622717       0.5510354392611497
-0.13056069029911052      -0.44173883880831966     0.7102571763887217
-0.09365872376991999      -0.4404930932953599      0.7400052137217696
-0.1607171664812413       -0.334130707387158       0.21519158662822943
-0.17846823191359312      -0.2731383421565422      0.08617684303529606
-0.30721442944353927      -0.12828069176423512     0.2570412793256894
-0.3281543588613633       -0.11166496605380986     0.33430134289641183
-0.34905494767865997      -0.09774282342810545     0.41157003667972686
-0.4409723421434382       -0.05589753882476337     0.7646188326688267
-0.3792898656732479       -0.09324109962055362     0.5092709710107589
-0.4109589247718859       -0.0746772143020016      0.640331947393736
-0.4412140634452368       -0.018906085720898764    0.7760824511276327
-0.2931047865462786       -0.15463955324752474     0.16830205311345467
-0.1459080740401802       -0.36049217297073655     0.3386799009097455
-0.12883037705130096      -0.38382656721064606     0.4633467380735286
-0.11096549650358091      -0.4110984535658669      0.6005630224343196
-0.13509168573028205      -0.33803067899749806     0.30355787200508133
-0.05619008917370819      -0.4407613049774364      0.7636837534183355
-0.07460362199413353      -0.4103267038424626      0.6380919399780928
-0.019116291533629284     -0.4413010099076507      0.7763705218490062
0.0542797753274254        -0.4423329283956064      0.7705038491038135
0.017712564863697308      -0.4416639893365921      0.7778920991054931
-0.15855426411242587      -0.3051679989491107      0.1698057366182062
-0.13956239613344512      -0.31836147009762106     0.24801454260761263
-0.15783013842224067      -0.28196974396177377     0.15035227403550055
-0.16293456850860025      -0.25914145710425746     0.1302477486502158
-0.17119541502450225      -0.23584444735791732     0.11791922166158182
-0.28005872099739937      -0.1298796053310978      0.21804730917710535
-0.44132086088873307      0.018129941159915453     0.7765816980484006
-0.28890618538242463      -0.11019567028464491     0.26728874795145013
-0.30770083689332073      -0.09914434629298421     0.3162127594883423
-0.328259868360032        -0.08345136553378052     0.3820239093551246
-0.35404702150568124      -0.06990281201274362     0.4630299522172879
-0.4117408793490851       -0.03755375703700197     0.6663574157772548
-0.3819230812796853       -0.05600276488139461     0.5575553995182405
-0.41227612021885457      -6.686714256420872E-4    0.6757302784112845
-0.26737965071806613      -0.1515482708438292      0.15967698821360965
-0.25460585628842636      -0.1695482800139247      0.11442628551713149
-0.23222885239377902      -0.17775645559451705     0.10670734319812199
-0.11666792762472493      -0.3538618067164171      0.38983008208101116
-0.09100647752448619      -0.37664115561569655     0.5037475875107428
-0.11260350786011362      -0.3233086383719619      0.3218521708015594
-0.037481175860279485     -0.4118207836997625      0.6666610767382705
-0.05573606924945272      -0.38190199657384205     0.5576929617666289
0.09068654321065193       -0.44281889105329103     0.7519285551622638
0.12704157369196079       -0.4433637820934788      0.7218589693879841
-9.788638043264645E-4     -0.41256110811869645     0.676691112317159
0.07156127348313085       -0.4141948499323868      0.6547222450188287
0.035607563950383954      -0.41315392981632376     0.6719886329136923
-0.12981244061403416      -0.2951509716993742      0.23552831719422795
-0.1357477249739415       -0.26964608467219225     0.19683507407606837
-0.20747927719242765      -0.1927907154371595      0.10369254094854498
-0.1870054951917291       -0.21363470022344141     0.10603683897909755
-0.15673576874023504      -0.21427222173940283     0.15364687594311455
-0.14062923941821687      -0.2400989636291607      0.17585619679641026
0.1626835822262433        -0.4437209735901483      0.6788299033352551
-0.2550535484684566       -0.1272539351676562      0.20455326552775252
-0.26852143754019475      -0.10732350019329406     0.24854442149524192
-0.441019816669826        0.05509457106059739      0.7651446383461183
-0.44084099767814683      0.09205589236791173      0.7426845900061584
-0.441624386059951        0.1303257214585459       0.7099806569146145
-0.44269200831500716      0.16917007776602247      0.6633671675716172
-0.41242526799125745      0.03659737832548227      0.6690956028287335
-0.2837551321807892       -0.08696572221705735     0.29652513906435235
-0.30333460668953066      -0.06968189492129989     0.34889067605753765
-0.32729837339834655      -0.05256744576819877     0.41375062576364335
-0.35422736640364305      -0.03635406728152934     0.4906628117699257
-0.3831218864509552       -0.019164836381728837    0.5798078890277792
-0.3839075205864925       0.016904291160602578     0.5827319519816206
-0.4217654829889482       0.2353958405125931       0.3749615192269509
-0.40774652330142064      0.21176139326939428      0.34359247786385244
-0.44221617404500047      0.20930780860973547      0.5911877818841981
-0.4139201456824676       0.18164693504196106      0.47374082438561443
-0.2373224271271738       -0.14874491041917778     0.1611930427200361
-0.23348954563252158      -0.12243123484130976     0.2035295674054644
-0.20277931038449798      -0.16167457707170912     0.1525348752281317
-0.08755030195186962      -0.3428914961180139      0.41124692750534647
-0.06526463468353547      -0.3571628526901719      0.4764096846090317
-0.08317307801922756      -0.31733864005743684     0.35903930326370165
-0.09636683219526104      -0.2975256383434397      0.3034257818792216
-0.01988383948506848      -0.3833884722294154      0.5804368054496062
-0.03601750026002813      -0.3558701672466598      0.4952217885085279
0.10723730044678646       -0.4146662775922118      0.6198877348974342
0.14260079667234185       -0.4160042523267289      0.5710205237269528
0.17820357002853932       -0.41606300809016206     0.4945948836351361
0.017282611398685352      -0.38409982477156196     0.5832359095511152
0.0878232450078231        -0.38735433581567935     0.5433512168567843
0.05372825177700602       -0.3848592312957016      0.5684723697084023
-0.10823183327767309      -0.2735551248244718      0.2522319207895578
-0.11849132256922505      -0.2541112888637563      0.218932773067483
-0.17294253270493737      -0.18488413078230717     0.15202268027576457
-0.1398566732487246       -0.1922223422986507      0.18292608703960264
-0.12569623830889348      -0.21459535313588526     0.196080409217514
-0.11409526795909715      -0.23509923253724682     0.21571093025429972
0.19813210151390007       -0.4431782968150834      0.6181128820071256
0.2147777838605934        -0.41408804959944445     0.37792492746298345
0.24026357740619636       -0.4194217709859343      0.3413381696992255
-0.24354950879538423      -0.10359608937722872     0.23403239344404034
-0.25702681043297404      -0.08095788356779941     0.27211721038767483
-0.41326552315723625      0.1467048561076468       0.5504736636224759
-0.41065297446868576      0.07283212842250075      0.640787533661447
-0.41069605673025056      0.1086960425901694       0.6020439668853115
-0.3841561423953446       0.05321784486217055      0.5666205824418564
-0.2747046838340497       -0.058615352751194935    0.31453656813101977
-0.2983102907823787       -0.03734419629127666     0.36647732212680223
-0.325618935647753        -0.018669362946472597    0.4286568109948146
-0.3546705792658271       -0.0013107778708733543   0.5015398606165724
-0.3568304978101181       0.03276351109432373      0.4994441008762212
-0.387344738344081        0.16179250913316304      0.3955021841131105
-0.38708898706634737      0.19168124307331708      0.29280141803170356
-0.4275839013794009       0.25578580423130354      0.37581032818656307
-0.44714677007953096      0.2448692863628911       0.5681372672828182
-0.41902495645821436      0.27014704866482764      0.2620808213275432
-0.2119988862663147       -0.1318678509290539      0.18841132331438915
-0.21677260814380586      -0.10414495437385522     0.221115151700259
-0.188328541197219        -0.13630310480042668     0.18764674044613613
-0.1716631784987852       -0.1541879360182974      0.17871570410337756
-0.056586185999129915     -0.32903588325639915     0.4142012167270197
-0.06698104224254564      -0.30006610697717884     0.34598394641505
-0.07761194676241481      -0.2770612313811455      0.2989949657016262
-4.893815343988082E-4     -0.3553394134816477      0.5033158742866563
-0.018144905360399356     -0.32839240402311837     0.43496413506060866
0.1568534989950901        -0.38869871337534084     0.41537265106841154
0.18915092576145803       -0.38924016412122847     0.31390547500446303
0.1237103706148103        -0.38426155433170595     0.47539510024372456
0.14469344629771574       -0.36691844919365296     0.36384391929655246
0.10196911326319302       -0.3643814162871174      0.4485758660510804
0.03570773939613344       -0.3553172729900751      0.4939063849240953
0.07438604863071545       -0.3550409714991347      0.4606701596920088
-0.09218921630594841      -0.24958538512150588     0.2526062968350021
-0.14507802567816194      -0.16540642268748945     0.18895089086587255
-0.12419572203067084      -0.1744471521962942      0.20141476762892635
-0.11149913408775342      -0.19336115729580305     0.2101687419333258
-0.0934801169429573       -0.21710451890064478     0.23185464797142985
0.23063926374529534       -0.44144575107517425     0.5453483823906574
0.25875292692936047       -0.4342009610779996      0.431657195665845
-0.22795141079004852      -0.07709214511563789     0.25228117194700633
-0.2436786894573779       -0.052154491752383535    0.2834986142875459
-0.3833382339076767       0.1286064143468398       0.46199025707285774
-0.3753709616425248       0.09056235022062809      0.5002848513075969
-0.3562661185045533       0.062303068769970084     0.4768411122956103
-0.26401002359946324      -0.023436625430279735    0.3201657472601544
-0.294895121525129        -0.001094495930213964    0.3707870850689157
-0.3280314691983672       0.050069310684528225     0.4173911752476754
-0.3243334278229262       0.016657746136563425     0.42638135448250963
-0.36077119924147494      0.14668975994426875      0.33734423532703256
-0.36470743064651956      0.17559401216829287      0.25380909879448027
-0.4417268333429584       0.2734099944279404       0.48291644696027813
-0.4394704610360625       0.2979861861522286       0.44882430578805954
-0.18996622210034086      -0.11162755633633632     0.2099764449841399
-0.19296931926932798      -0.07801169357821783     0.23541101864296293
-0.16657740729782272      -0.1250320318988084      0.20257492690298953
-0.14350774058232368      -0.13860142951683468     0.20255415140414976
-0.03374527846953737      -0.3015961848575487      0.37430185321346565
-0.04737062808798833      -0.2779429148064492      0.3275570344953444
-0.05819773564725621      -0.255931894277478       0.2918682445585122
4.3733983700901637E-4     -0.3021244700944088      0.3837592331271036
0.017531574263689075      -0.3263883052020455      0.43066926931848787
0.1689574732019515        -0.36095628712306205     0.2650979518691474
0.14892675625813281       -0.34892201079631235     0.29373092162508296
0.12467029860043387       -0.3517832440591393      0.36641817106148494
0.09925560346218239       -0.3434669757299278      0.39428142446122677
0.05180733184110355       -0.3261758916903591      0.4118801210232263
0.0841059360444793        -0.32500460032325046     0.37389979479326185
-0.06575490628245363      -0.23070189603778057     0.263163392049604
-0.12161753449223171      -0.15303683374382238     0.2079751087722266
-0.10048281454160743      -0.16878249876445955     0.21801028407169934
-0.07944799841296121      -0.1884872769168639      0.233256068818495
-0.06568622274995055      -0.20784174755948676     0.24907911669921506
0.27956878906845783       -0.44567591436278586     0.5156017074558463
0.29814861061183234       -0.4402149133143375      0.4562327749102863
-0.21143765671635545      -0.0498407429686267      0.25973252703684807
-0.22766399070303495      -0.022998223633041697    0.28157007425472985
-0.18107176897123417      -0.046985682013243754    0.24620022139358014
-0.3525809243304924       0.11719296808516275      0.3850616581238547
-0.33694152147641176      0.08490232698819981      0.40026889937660215
-0.3095115674755467       0.06929979599839597      0.3607616358567657
-0.24300435524905156      -7.91013709482852E-5     0.2991107877395395
-0.26661473664625135      0.008827643162057065     0.3267294800072703
-0.2903008064592513       0.03994734131537731      0.35131106350404023
-0.33573578808260635      0.14088143636230205      0.2820508788358465
-0.3399608177716976       0.16487558080166537      0.2147545728357678
-0.32242888937089653      0.1567871363638123       0.20347267267625752
-0.44681931438441647      0.3159468739892314       0.5290305257929252
-0.16314977388348648      -0.09345096000236877     0.22191303173096658
-0.16147270336279207      -0.06450079595829103     0.23462371211519306
-0.1388855353641767       -0.10844985206483237     0.2170222763058436
-0.11600216219484744      -0.12518705115665105     0.21723026355865271
-0.017037167084903035     -0.27732909933684147     0.34041162466626523
-0.030652788840178247     -0.25569319966633963     0.3073772553027015
-0.04290446279818352      -0.23784227078524828     0.28323118384022133
0.009238380390986949      -0.2762149453249332      0.34018964080275843
0.03407157904744102       -0.2925400741771249      0.3582417869060392
0.16338863052633215       -0.33771405693927087     0.21441895454167495
0.14036364805040363       -0.3322087723169869      0.275073369163145
0.11171109914819188       -0.32724064732039904     0.33217968885204013
0.06961410628152523       -0.30106379495740465     0.34492732583056235
0.098729225312384         -0.30738171980808543     0.31633377439189414
0.17805360428599576       -0.3255976739606867      0.12847888717010386
-0.042099204450913585     -0.21585753925577328     0.26605980883248526
-0.09306774562273276      -0.14267668334101175     0.22258822895116712
-0.06960410391164504      -0.1630218437475231      0.2329181935199606
-0.04766337507748594      -0.18705917516108378     0.2482858407706947
0.3162048038647657        -0.44659075325524167     0.5270626641463138
-0.15878618865355223      -0.043747371034074764    0.2404091486610221
-0.14341558068840585      -0.05196677741149476     0.2355103933319473
-0.21318819315373277      0.010422352361985767     0.272349641919426
-0.19606421267090302      -0.021964323767859385    0.25981115464351895
-0.16684601533490628      -0.024682604177588115    0.24658605758952667
-0.32367425966924         0.1172656567718029       0.31293964656645473
-0.3060781230783823       0.09566870849471149      0.31899790258808675
-0.28620591716532096      0.07591129250916305      0.3137775917055396
-0.24681478255552294      0.03435561769568847      0.29600999354992014
-0.2632364491851217       0.06455644694849914      0.2949328366347385
-0.31219227169273045      0.14029130750256055      0.23489568395195073
-0.3064236387668179       0.15978119984810393      0.1673933301398582
-0.21499674834652174      0.04806636273498247      0.2628235611401452
-0.4383301163962998       0.33694611104023725      0.47712302752993435
-0.13403385460694817      -0.07380453558111147     0.22907393179757693
-0.11004227361963158      -0.0946231042332198      0.22535618175746056
-0.08703047994366944      -0.11326508009141041     0.22657990793743674
1.6415277134428606E-4     -0.2535545372554405      0.3108156078818681
-0.01856931058058239      -0.23157542592359157     0.28600910588321593
0.028549097526952505      -0.2610341865021641      0.31463580846969164
0.05865474167036391       -0.27250998635591317     0.3115491741344732
0.15725221972925058       -0.31671063800499055     0.191477621611604
0.12780274170011577       -0.30732237564877396     0.25834377847158607
0.0865463948729771        -0.2830646429618171      0.29612533021536974
0.1093385429088863        -0.28887066078143847     0.26878134632621903
-0.013320816748529878     -0.20027488279159353     0.26353672966452685
-0.06335525671538912      -0.1329949465402459      0.23174111448508827
-0.040334480020078375     -0.15421138383658695     0.24012938588421598
-0.021621363031891994     -0.17261464533280874     0.24908855710602737
0.33700729250947725       -0.4375973239798805      0.47044646086247743
-0.14239983321176794      -0.031587749572861056    0.2392218218827051
-0.12156469029241583      -0.04734481557375253     0.23407585279202162
-0.18781628222613134      0.03165133257345937      0.25352915302775575
-0.17691842478493053      0.002212068860443942     0.25238528847326874
-0.1469855272475421       -0.006337700472466843    0.24248854039256704
-0.29778955373062854      0.12342419043370054      0.253452220085062
-0.28234591439956397      0.10320897932674966      0.27069102885193846
-0.2674860083226699       0.08722751275601485      0.27584736226412787
-0.23636218884873034      0.06874827871786582      0.26519436735188634
-0.25077525341218887      0.08455236245021029      0.2623444489113421
-0.2898668612527942       0.14933838724488005      0.18025690758673607
-0.2140690896438792       0.07850736246948417      0.24331783159473605
-0.19177633662279303      0.06412653755269804      0.24292958837192677
-0.168446956554763        0.05145963109524677      0.2406952802079552
-0.4490237305193583       0.3577295903753292       0.6119620423864784
-0.4246672915900475       0.3620983941183662       0.424269862759
-0.1033577429920011       -0.06452507075336529     0.23096462989555436
-0.08051184997481921      -0.0824839793149073      0.23016663331251805
-0.05716292706678333      -0.10195227952540496     0.23194244519999693
0.016469027136711285      -0.22720297936964093     0.28256121036855714
0.05046075114451056       -0.24168652881373948     0.282656535942005
0.08023730676502122       -0.25605015673221104     0.2719275818892272
0.15426211999094971       -0.2931304986979066      0.16943880485515295
0.1293226523305848        -0.27995317783485274     0.21913328450614714
0.10679198036915741       -0.2678624195232685      0.2487402081740235
0.10308426668229298       -0.24356044028030827     0.23470342655546708
5.500968164125868E-4      -0.17448545704141794     0.2513935706412011
0.01966853474850776       -0.19279726731373603     0.25844262130314327
-0.03294031787120607      -0.12285427438444274     0.2361226537172781
-0.007338240129778364     -0.14704232783336169     0.24247002986155824
0.3580358430629902        -0.44773671511441315     0.6023028430095667
0.3622526669127067        -0.4240064521227247      0.41924480230804323
-0.11680099705378523      -0.015447228767789324    0.2368100718057253
-0.09542350932337121      -0.03410924257651738     0.23399148498605074
-0.15339179966470068      0.0244998070198772       0.24265538755861235
-0.12939698253977508      0.009819223013115436     0.23881821337123652
-0.14493298672969174      0.0489414327851448       0.23643876474849174
-0.27379038119106164      0.1311052439265064       0.2097780862467926
-0.2548665074511541       0.10790848254545211      0.23585246404306698
-0.23317038231756884      0.09350693176716308      0.23971929807532363
-0.26713926834551777      0.15861457871637188      0.14203518782871413
-0.21428515140253873      0.10155863168903781      0.22300084886771496
-0.19460974451401752      0.09511338192617758      0.2238523569627888
-0.17071919845144548      0.0799611545168379       0.22943035195186498
-0.15157337719415404      0.06765822276419742      0.23208680103572799
-0.4414010886656449       0.3873840793605643       0.6332362744910832
-0.40874093156187324      0.3858772858028657       0.40552057026467164
-0.4451944138245717       0.4174477520463574       0.7466724071364564
-0.0738496210617092       -0.05306645726720366     0.23253161758384344
-0.051729410012964085     -0.07062870802846871     0.23265629236145677
-0.027413880773557598     -0.08949175783131817     0.23414088913278497
-0.0703895959434516       -0.029166796337229295    0.2335864646254821
0.048030785070357455      -0.20972818628190787     0.25953635636778666
0.07588570585082541       -0.2276169224582194      0.25307947044618034
0.15096227224951614       -0.2676635471270443      0.16119902953023482
0.12677825676488344       -0.2548695652306846      0.20529959714607796
0.12180340760262781       -0.23322794716684753     0.20435009390737133
0.16982716633462283       -0.2546745895773608      0.11372057981339082
0.10318694605821778       -0.21661075811183997     0.22206447033778406
0.02179786909567887       -0.16188215899865854     0.24540522645518734
0.04639052432760317       -0.17892347954670246     0.24561546494729927
-0.00203712252164962      -0.11143295073973891     0.2365641698820589
0.022887536584872376      -0.1321673368415857      0.23843268268994477
0.38924302056926224       -0.44134475597867573     0.6385420399082448
0.3861004448195107        -0.4075740086721859      0.39849280787489866
0.42750215599329133       -0.4465899957972579      0.7831231030612767
-0.10777364910224013      0.010848023624537642     0.23603957274521292
-0.0840473230575529       -0.003912032707446115    0.23453987598692688
-0.12203293963060731      0.035533213661418504     0.23573511431324137
-0.1292198606042337       0.06555628938498412      0.23103146566005542
-0.24845152411608512      0.1399981601365772       0.17851960239233197
-0.2284580578443402       0.11945472957747968      0.20625834140698626
-0.24025330335234085      0.17029816075363305      0.11767090902446821
-0.20147245961694685      0.11989089615505398      0.20232547056315653
-0.17451013960947495      0.1095024442892268       0.21201687621487122
-0.14367655765930337      0.09189478285165835      0.2229837323610624
-0.41699603212918823      0.41309058062508963      0.5920731332961956
-0.38738176850316947      0.4069419980183263       0.40095037237349906
-0.4304075083651701       0.4431355683643845       0.7781953071988615
-0.04833721281192347      -0.03997669958847229     0.233307457687423
-0.023100968388991738     -0.05680107464350591     0.23359316030131014
0.0022900988731698736     -0.07833584883031501     0.2343095803271038
-0.05121929365593666      -0.009825139749352202    0.2336902997185409
0.0768588186519133        -0.19299636706513676     0.2361408222043224
0.1485288773397175        -0.2366464046586505      0.1616233788916441
0.13148098829652885       -0.2118935341492933      0.18890346827839358
0.17734073662946606       -0.232106700374941       0.10764053523600241
0.11105762907316845       -0.18997165836328356     0.21045651759105843
0.13566277233604346       -0.1881183726032381      0.18832651051916505
0.047016483864687736      -0.1498789013942507      0.23773326940845155
0.06783706016707383       -0.16443257677831496     0.2338633171331713
0.04794804528743435       -0.12529690516326963     0.23428622654476644
0.03069333828624015       -0.09936171419014207     0.23441381651912024
0.4080090142162083        -0.3865730774149419      0.4040378009640067
0.4158447442403359        -0.4138584628196169      0.5899945454725647
0.4437436858499802        -0.4199880635129537      0.7478042177822697
-0.08896876525978725      0.029255138545084353     0.23403065911236506
-0.05775545106429838      0.021061016309143404     0.23363156005382654
-0.10054739000652602      0.059813093772627945     0.23161061580230644
-0.11324098955708396      0.09049174931986424      0.2258441944954475
-0.21393697860061356      0.15114660792432405      0.16199765743396924
-0.21376069859780886      0.187603072551591        0.10491359962558532
-0.18296325235341881      0.14213193323655604      0.18385543180956612
-0.15376895617170158      0.12898998910239312      0.20372664284375638
-0.12527887980010544      0.12170954722108081      0.21545155342531028
-0.36465781803835595      0.42246627578327595      0.4152348846902733
-0.39119001516272317      0.44131365244936765      0.6443462454339776
0.02688637086191937       -0.06898540952285581     0.23363625779246347
-0.021097755803094004     -0.023694521899340498    0.23356605895021773
0.008712855775058679      -0.043942186054329244    0.23364098521496396
-0.036877106763315196     0.04132749543979411      0.23340886204672126
-0.02211772386052597      0.013383397547049546     0.23358117395263814
0.09370544234292599       -0.16415726838887684     0.22179812565502185
0.16113761071770044       -0.20165567756740063     0.15389747740984003
0.1923702045324991        -0.2072287783120047      0.1046333625086386
0.12545080675338127       -0.16605364986131632     0.20242048679091504
0.15290364379806615       -0.1724145938993054      0.17934202568507296
0.07524063500526038       -0.13646351897168152     0.22870796287019995
0.06395400065105131       -0.10496102202956645     0.23102748965590134
0.052469465792967476      -0.07546344639796389     0.2325390504923219
0.21340020283931416       -0.18712716029759455     0.1060799991143876
0.42320133342775934       -0.36240918494206886     0.4130127678620033
0.4412966309558713        -0.38866004566254997     0.636457666910598
-0.06414865126870055      0.05584672040189411      0.23261004928807116
-0.08364406307994193      0.0869994626873147       0.22948273956399143
-0.09707918619239334      0.11697732000151956      0.22391533398519783
-0.010346307859934312     0.045395664667106074     0.2336428497386894
-0.03253236338162503      0.06780955747415596      0.23345371255452416
-0.19195773459303545      0.2094020613926856       0.10270380870112998
-0.18186205997705823      0.17626030038660556      0.15125566585696595
-0.16049482329762502      0.15644636276488938      0.18372400887505194
-0.13635630565550644      0.1515264707998448       0.2004334491098871
-0.11079251935714826      0.14438972180069792      0.2150889753318186
-0.3271957032847042       0.4208715615944324       0.28446662959779606
-0.3402131082962835       0.4347902693747656       0.45103762277086235
-0.36081367321103186      0.44726552707123135      0.6047074470193803
0.04011100651568511       -0.04824253813595142     0.23330542498466408
0.008573790557285035      -0.0076719522208702805   0.23358600879997593
0.031871826879132856      -0.02443393718330064     0.23354236859349736
0.014177001945447465      0.02471992388544804      0.23358031509716057
0.10944632068196139       -0.1405160359924431      0.21634214013573697
0.18420659677548537       -0.17281388478117396     0.15272602551341205
0.1389231197589388        -0.14494936407411707     0.20179149770241353
0.1650243681428752        -0.14619191441212526     0.18833888734113355
0.09506418824071272       -0.11202242903714088     0.22501393017339552
0.0832424028742355        -0.08148114886888093     0.23001825825501124
0.07123971557636467       -0.0527859064695182      0.2325921190128449
0.2130390590331248        -0.15642847612578814     0.15463202460298442
0.2349707836299773        -0.17223043494743862     0.11626265791845948
0.4363053203755782        -0.3380202813372343      0.46043200413236735
0.44767575898218526       -0.35834353889086856     0.6024948261836581
-0.052934702183698536     0.08856618165405034      0.23237582622883254
-0.06873164079098328      0.11595745450137199      0.2301463998247931
-0.08358189423976753      0.14210567374028085      0.22607910836228465
0.02066861479791709       0.05642382770026109      0.23362780596373037
-0.0010993269703622817    0.07518555991081785      0.2342035675320895
-0.022432942785364018     0.0963021245520331       0.2347159812261014
-0.17614493926122685      0.2346893874841505       0.10835061929816313
-0.16172761697716256      0.20736458694212323      0.14981496874739217
-0.1482349532020661       0.17964725100345685      0.17965803853678375
-0.12063300685522425      0.170651755123027        0.20474302950117387
-0.09785777915515267      0.16264845267152284      0.21958383275289312
-0.16561871396117903      0.26106842580649164      0.12346482266869856
-0.17733185116777142      0.324686341557868        0.1298595951675565
-0.3177930344376019       0.4435421163747399       0.49923304186457745
-0.29764454744445834      0.43832315240090597      0.4373227595820365
0.05897833384812445       -0.025483480411859064    0.23356721123291815
0.04298314769951096       0.0031704709065067766    0.2336499600178694
0.04530049033843198       0.03761813471263501      0.2333686519802333
0.12557689111010825       -0.11712546817132989     0.2167883629939297
0.19157108836481795       -0.13865059285399903     0.18437372390356555
0.15304653322473544       -0.12233511102797982     0.20758647398648988
0.17401758955404978       -0.12369139425427397     0.20188149762387542
0.11377307111347044       -0.08701440945472681     0.22653921386514445
0.10295398136035831       -0.056639682326900184    0.23201299421342717
0.08968310306681723       -0.02940514267555374     0.23404720957313382
0.2127715278395697        -0.12509230610782424     0.1967426213800774
0.2727657192361986        -0.17792678987584537     0.08790751262883859
0.2387157393401442        -0.14071175341148892     0.17556182964174782
0.25806755966524697       -0.1632299555302392      0.1295382223219239
0.4187914658899432        -0.27034367510178897     0.25926668463182634
0.43824663177524964       -0.29827181818637866     0.43656572814067884
0.4458109574531032        -0.3166187730198294      0.5199728644481576
0.05037936949642174       0.0688791784681326       0.23274748006394283
-0.04000374537906796      0.11825103500898819      0.23482955439990785
-0.05719362672343251      0.14457122065865025      0.23436514744505896
-0.07582086382124989      0.1693160122927566       0.23121892326970814
0.0261402743688472        0.08836792561209335      0.23415680701836863
0.003006828401558856      0.10026373252562877      0.2355310301912627
-0.008452082385699467     0.12352001126654275      0.2379580351330622
-0.14692278380222548      0.23707922686218322      0.16450404145092604
-0.12524521377890252      0.20710547419553316      0.19650314573743827
-0.0975217639484433       0.18939024169761037      0.221190630596745
-0.07076268271003104      0.19693924806330365      0.24120157554518354
-0.13767348644429966      0.26761856988858246      0.19139771423912608
-0.1600527845029291       0.2873250390670753       0.1473877592527927
-0.15822153176459894      0.3130494435126308       0.18218219108182934
-0.16342902821963112      0.3356167836401919       0.2090057914520517
-0.24335497551330948      0.41767323827456015      0.31707560367311005
-0.260113978146206        0.43261546529095485      0.4145502188005706
-0.28012477272520375      0.44470525269323363      0.5059537126478714
0.07703622293970588       -0.0013030590767497054   0.23426466947385008
0.06845253467657877       0.023948627384866382     0.23370616206476674
0.07530104255919286       0.04965326138248634      0.23270365155613604
0.08043985944980653       0.0805656448021639       0.23032802574509034
0.14293476717664705       -0.0928552817003138      0.22265519046503404
0.19225917868830583       -0.11059189044875992     0.21092151496572753
0.16818677934951448       -0.1006874625285058      0.21789697957105728
0.13347506107064827       -0.061536688711730916    0.2322055178516185
0.10358343098914502       -0.005158461421844289    0.23577982876811082
0.1237732703852632        -0.027486391780712056    0.2367988865488071
0.21622141710221168       -0.09288979097142058     0.23205167697941848
0.23359751602886422       -0.1140621539446823      0.2151566032179583
0.2523797221422208        -0.1190829544528541      0.21691519186834868
0.2809365814261678        -0.15613619844826818     0.15447172379694565
0.26618368190054564       -0.1348556048551         0.19643902818234585
0.30570747259585296       -0.15414372866412088     0.18451057363523396
0.427090373662182         -0.255954054189627       0.370852988254919
0.4411718652374928        -0.2736566377930756      0.4773815101801558
0.054265035314063514      0.10056395735377076      0.23227702917503626
-0.027467660691063843     0.1484207390671299       0.2410588862248393
-0.0475559554184626       0.17337640934137385      0.2433796873966916
0.023457541749769988      0.11999207319964497      0.2366851889382056
0.004427354529496436      0.14996207671242337      0.24328940178346947
0.08583533216974933       0.11141132142938868      0.226981134470246
-0.04088323867317233      0.2009699062210483       0.2574051362355572
-0.115145492812214        0.24458131735301578      0.21863190334307392
-0.08824941192518546      0.22410284120195784      0.24003951729426332
-0.059898280347929475     0.21817291349971343      0.2584820284055898
-0.10760349039920157      0.2743711070796129       0.25413091311777286
-0.12999049058644077      0.29863392869915073      0.239893760549472
-0.13804960854480666      0.3263411160707587       0.26831994533205333
-0.14432301856291704      0.346716021457259        0.3011179677282699
-0.16996392335420954      0.3591552561354533       0.2548699087182402
-0.19057213303911819      0.3870941707261629       0.29711761246521456
-0.21570901157252026      0.4117810651720462       0.35843785961824504
-0.2334801150613929       0.4395962582762983       0.5252028550886756
0.09853678735805883       0.0251096317573857       0.2347118492117997
0.10534080110901332       0.06046995876902478      0.2315191561279553
0.1115175760503983        0.09241619141018015      0.22562821839463013
0.11746871873305806       0.12250299626172309      0.21745775034134115
0.16355026719140534       -0.06843255030760961     0.23347201922132974
0.18754467286649545       -0.07856980677098238     0.23354010126572602
0.15621216819194045       -0.041500555641469275    0.24033045818020918
0.1288788397169315        0.0072859226692795305    0.2388173209045137
0.15136309579065815       -0.010523359040603187    0.24341892612674168
0.20822635298601178       -0.06438055000441753     0.2500647033274142
0.2310423599541037        -0.06480704587030296     0.2641091467117724
0.24789917372017456       -0.0925339647798237      0.2508529890361139
0.27059792866950366       -0.10791844162657266     0.24966383859894067
0.29009347732372176       -0.12589937604282178     0.23775411981392697
0.31734980713696564       -0.13011021528420177     0.2706610498355804
0.3306316421569004        -0.15241215943462771     0.2351608984385162
0.34266815803420625       -0.17129162304566672     0.1973043828939707
0.3635843744060754        -0.17837756698347695     0.23829874055475617
0.38629443534739993       -0.19342156815675862     0.28165088818205225
0.42106752094071426       -0.23525128846018012     0.369565835157071
0.406256790552233         -0.21333901837373725     0.3277604047582004
0.4463694562046621        -0.24512266418095546     0.5611874322702582
0.059347515394089126      0.13174322404100922      0.23258861656858168
-0.013196254752783809     0.18009725399630336      0.2531451310039307
0.03636171646973821       0.15377369400429666      0.2408317396341657
0.017793533104741445      0.17390782747500527      0.25008821181548346
0.09197262057845627       0.140675619475158        0.22311459722872087
0.1215759443299137        0.1497773968403875       0.20881756982726407
-0.013615422148538522     0.2134562889267053       0.27217177435577117
-0.03943066052637281      0.22752633478076958      0.27590609858567555
-0.083573775056303        0.2553895292533841       0.2676504096417914
-0.06212279777425056      0.24104207704402328      0.27423144676051875
-0.08211827094155719      0.2802613954901161       0.2979416767031593
-0.09711942655439469      0.29974190179342847      0.30583445424329975
-0.1112733224693277       0.32175883488791435      0.3212664126658082
-0.12106025966592447      0.34227168422740584      0.3485202330023934
-0.1285894912921839       0.35940203886342587      0.3801155800712557
-0.14528748120475365      0.3673247701738962       0.3636354577363635
-0.15729129143547826      0.38866401179414983      0.4140258029465634
-0.17781805970946407      0.41433595652684724      0.4859510281525418
-0.19985442425180425      0.4411580476768824       0.6015296734392929
0.13112966517810082       0.04096924811432455      0.23602901827704967
0.1351192085598983        0.07410547991528109      0.22901214190708882
0.14210310016520306       0.10497523024176898      0.21791789320081265
0.1476258825469549        0.13388182518269892      0.20322793286204718
0.18877745801958346       -0.046573782737931835    0.24940394425443957
0.17441308357255494       -0.021900846021339182    0.24973583425891746
0.17587069239861908       1.3062718041484747E-5    0.25196015818740647
0.1600121197838443        0.022883386102107835     0.24469996214854633
0.21754585698766457       -0.03906232367144985     0.2684643135137555
0.23968005199128628       -0.04156805858864457     0.2856034011435848
0.25617800330824025       -0.057942616204045706    0.2923342005821397
0.2743851372418337        -0.07783915249425702     0.2952589188693402
0.2923295195307821        -0.09695860670770617     0.29444132261685857
0.3099480131320729        -0.11009986034493432     0.3005901441549179
0.32842393126305214       -0.10845945231144757     0.34120027322765395
0.3392701941311145        -0.12969184286818408     0.3205022047174546
0.35988405793053846       -0.14984904652491593     0.3251238521907683
0.3866441841815174        -0.16340597544544055     0.3876378400752019
0.4119455348464756        -0.18318832990512116     0.4584006077149288
0.4389091324329796        -0.21095974329350198     0.5646005406747899
0.06832980774828154       0.16126625562713987      0.23314282387958143
0.014927608615906512      0.20058753163193094      0.2635312881980913
0.045642430462027136      0.1853717134261167       0.24831927032306148
0.14794994107001475       0.16161426960548         0.18881077465445295
0.09927526036567857       0.1673504990002901       0.21873343341694615
0.1242120381599195        0.172158579925146        0.2018804280406314
0.013498707837786521      0.23141390904273962      0.28675703061481755
-0.016608695392595216     0.24014279788743992      0.29455708383032336
-0.03825855965147393      0.24919986023277813      0.2967926615987255
-0.05479138718516657      0.27122742221250196      0.31292597737901634
-0.06795905704509127      0.3001533873872268       0.34510860152463835
-0.0837658934130445       0.3232486636917938       0.37057246755691015
-0.0995046851425628       0.3397820772193098       0.38449054789881115
-0.10414362270311224      0.36085003522541037      0.43421996398496016
-0.1257155881790613       0.3835198223901466       0.468633742466201
-0.14337776916203426      0.4138761788196432       0.5597128044364287
-0.1632317102250508       0.44213542163492625      0.6692580266971352
0.15891347231748662       0.05666680515209197      0.23681518985636288
0.1628431142108075        0.08812213248977233      0.22460301826856685
0.1720680229968061        0.11590527242548092      0.20782885400225484
0.17664914076437402       0.14792423166383833      0.18135578324046922
0.20057776586588333       -0.011393833147813235    0.2639289541416676
0.19293360169514287       0.021168805865393527     0.25825828408303697
0.18099968777351244       0.04480420588690639      0.24689605723662206
0.23288334743938205       -0.01224888756632158     0.28828011319507146
0.2590107599336776        -0.0293574219447504      0.3118416443057612
0.2784741443581292        -0.04638801040802504     0.32897984608163716
0.29948824885856606       -0.0652663027846351      0.34673744956494473
0.3167567454290064        -0.08720520470893713     0.35216557443037
0.3417445620857635        -0.08721101751868345     0.40882175499529216
0.3473521368620306        -0.10911806561835821     0.3867200654390847
0.36115805642057686       -0.12293798377562118     0.39838574242537983
0.38577155869284085       -0.1293469090270364      0.4695846782400028
0.41251948213168027       -0.14698308619932676     0.5464510350974291
0.44102665301872834       -0.17162193121786679     0.6499817501489374
0.07803446100653576       0.1881665123780862       0.23402480022320785
0.03915440953445583       0.21631732317459856      0.26756474021066495
0.06375239923604327       0.20748155484696568      0.250058789608223
0.17811026570740343       0.1816338548157652       0.1496239089852717
0.1409914024355765        0.19009826103146404      0.18243361525336887
0.11152669037096462       0.19205862975582294      0.21010632905314755
0.03985267671142993       0.2382148371299308       0.28504214171618136
0.028033995027083213      0.25631767324727894      0.30909245411301095
0.0027463851051576296     0.25486091270278616      0.312313905072948
-0.01946982340643298      0.2712514727980474       0.3310455685563533
-0.03730069020972778      0.2986993097978983       0.3671911844492515
-0.05354662494094406      0.3255900538286702       0.4091553388080556
-0.0757733428049692       0.35259548273995167      0.4523602145773672
-0.09055762797208916      0.38412487247012833      0.5289615747572024
-0.10883300181240768      0.41266979786260477      0.609772331369146
-0.12743306953361663      0.441922594519995        0.7146372443372352
0.18587294995460285       0.07063919936528652      0.23755096768706133
0.18524691520832476       0.09514370338727493      0.22235446525435293
0.19509990012779915       0.1106501051399377       0.21100178505147568
0.19413092065816845       0.13028804315259518      0.19232100458322768
0.1902790077081512        0.2126820686771062       0.1016490548261871
0.2093318091017306        0.15455086437662047      0.15889781148870671
0.21166006455081365       0.19043680386083617      0.10254835405514305
0.2211252205813951        0.020149505114431754     0.27684982237929656
0.20913153413161437       0.05279877101615706      0.25691622818202836
0.2497835447473368        0.022091680408368734     0.3034714024946114
0.26620336990504007       -0.001439834148958542    0.326686807931229
0.2808228498310171        -0.02092393976263271     0.34463639392428497
0.30268313284983905       -0.030378432481569184    0.3779149889296151
0.32860623983023846       -0.055751439808447614    0.4139697699605747
0.3558159846438931        -0.06604788782529875     0.4719267319455497
0.3735123344863601        -0.09668405483961136     0.48551634128707144
0.4084482889778444        -0.11064840699355441     0.5903857422167785
0.44049448252827617       -0.13244095652858254     0.7021175675581167
0.09223642423902134       0.21678016943505832      0.23288634210756892
0.06369427093817626       0.23077205582096855      0.2647041495429167
0.15847501763589236       0.21462995415137268      0.15086713797210005
0.1253411235776227        0.21393884224526272      0.19648991110167183
0.11305504726197699       0.235095751443255        0.2171083925037227
0.17277304349805572       0.23628854289107815      0.11440735769601607
0.055484705579731744      0.25544282404804697      0.2933350993761031
0.04600387219210404       0.27637054589983345      0.32620500154824134
0.014948283440871351      0.2823425547781394       0.3485027218347266
-0.00967743631061288      0.2988101785498104       0.37702993542276375
-0.01846602244749495      0.3250010943759352       0.42735917326934464
-0.03801474372533666      0.35384238497921516      0.4887248970553005
-0.05564210729795158      0.3828325398622276       0.5606793895227663
-0.07321973520959132      0.41230320386879304      0.6464643305353479
-0.09160838063467482      0.4414564755981745       0.7455839376964873
0.20992038570235713       0.09058061071422867      0.231728548955608
0.2175057303001324        0.12240974215709852      0.2003827455935908
0.23796180047976548       0.142773632742944        0.17187902725874982
0.23610738835292572       0.17346330303739427      0.11307217282816974
0.23933646667111255       0.05059552099152469      0.28040013622747434
0.23293780428925367       0.07517572509523286      0.25729314677790593
0.26183972628820545       0.04715812355310756      0.3063322438383829
0.2774751498821216        0.02804047163323369      0.33716116460903817
0.29847688211800955       0.0018424816052419128    0.3770951371245922
0.32869566237368747       -0.016866870726815614    0.4359848895358045
0.3568372220148043        -0.03532871869184441     0.4981808252947526
0.38272467381740627       -0.059017920802358806    0.5576873663472708
0.4089012646950567        -0.07708975852932745     0.6307241559960212
0.4398294718875393        -0.09392002143602204     0.7370227633963097
0.09025098022267128       0.249947837783329        0.2551921352096526
0.1404025049951479        0.24016709316087118      0.17626084297245043
0.11755131326573717       0.25450153251210916      0.22071115694972784
0.16284930168763417       0.2593927538526654       0.13045070024774874
0.17809250394144885       0.2736327641827784       0.08730719479882888
0.07620508925760555       0.2745383204774433       0.29727945639468084
0.0654540591527596        0.29705135998036997      0.34235262866287813
0.040070620182753446      0.29978814592994707      0.3675274131725207
0.01843267644080291       0.3199596456242392       0.41651453068876265
-5.827332547212169E-4     0.3526198763712077       0.4961802090888688
-0.01907482191412376      0.3824083745854409       0.5776643827212978
-0.037165241830978725     0.41178073927761266      0.6666518795921799
-0.05539606848697214      0.44111828022815897      0.7653925504828843
0.24258051437430356       0.10762706671468833      0.22811073488936323
0.26281586804942675       0.13597251050615203      0.1921495971073961
0.2594294927000736        0.16261830966571028      0.13101976950267227
0.2771167420317394        0.15396987695467734      0.15813100161719382
0.25868927708252365       0.0763699541843985       0.2786541918128021
0.2839141930579327        0.05869299054801217      0.3276637036618866
0.30503238300201          0.0387833167529942       0.3778966797266817
0.3294454038238018        0.018698192949933575     0.4371793929657954
0.3561537011041046        -2.9230548507325785E-4   0.5054731540747901
0.38370958113359666       -0.02105096899833627     0.5811004432911849
0.41159600273153635       -0.03924140112418109     0.6651591110417722
0.4403977884277594        -0.05696690693932142     0.7619521844206516
0.10785868119670412       0.2733524309319796       0.2526228577298682
0.13528251666566962       0.267825508009865        0.19660092594424203
0.1573595599722859        0.2836908395271134       0.15277285217730377
0.09217823720166252       0.29506492422110087      0.3059209032322093
0.08100035718255928       0.3127143580046253       0.3527657912964614
0.0566555587915538        0.3241236642529812       0.40325322988760703
0.036021456818750415      0.3525114472306549       0.4863154088332901
0.01760505529907475       0.3819963114317606       0.5767707407001
-5.792110139862458E-4     0.4115246662699261       0.6731981095415273
-0.01879854578698992      0.4409363804938676       0.7750822220759893
0.2725963165043638        0.11101560984327236      0.24658781894682355
0.2865304156055699        0.13788759835161316      0.20635849998989997
0.29377877643479755       0.15895036364833912      0.15597424894386572
0.29096341024640027       0.08946232339761016      0.3035349850961772
0.3094914246940912        0.07234133366190904      0.35728591323865705
0.3313912444361039        0.053084430119634804     0.42258700169714386
0.3569279746122998        0.035636187426804446     0.498259028410907
0.3843204689888804        0.016979242085048512     0.5839770989578376
0.41245643072382704       -0.001613135479647881    0.67632969079935
0.44114896020610245       -0.019639034368812244    0.7757399681319198
0.12674913610260924       0.2966813520018502       0.2445697178424377
0.15723970228445064       0.30999338772938817      0.18075401860989335
0.10437604065202971       0.318761122720831        0.3282323623607288
0.08345673038828141       0.33255780437053406      0.39185849030658176
0.07101155728726562       0.35447287118402004      0.4629584453324082
0.053760856524562715      0.38247432043445695      0.5609570866461118
0.03604284138065249       0.4115075043162656       0.6661579351193815
0.018001711574450824      0.4409148990456944       0.7751139410652841
0.3013760937638034        0.11940751574865749      0.2674070695333323
0.3114987574843742        0.1480096756364439       0.21178540022343537
0.31830943235203485       0.10066626772424614      0.33390039924618153
0.33201622165167444       0.08076182141150745      0.3942598074402184
0.3561188452787166        0.0717719697044654       0.46662317417915
0.3841667915408647        0.05356659763595232      0.5664056604909568
0.4126856592958454        0.03555712891665768      0.6703945524841223
0.4414645201362541        0.017571336709552538     0.7771817285990941
0.13294921474546204       0.3280812508726729       0.28561302853925524
0.16312185837079077       0.3358553780078067       0.21072084184749285
0.10450732101387364       0.35114488472668104      0.40564143202757996
0.0893553819545761        0.3826916300016565       0.5257543159149661
0.07250646944964464       0.4118509815728153       0.6454058850458032
0.05484124932741319       0.44105861832693466      0.7654014633090532
0.32835823039007755       0.1294036195387591       0.29517551858447094
0.33458314761294145       0.15805286542405228      0.225612887886714
0.34943541615261153       0.10434131691173602      0.4012361516102202
0.38257052559565535       0.08931333536899548      0.5254099628015835
0.41242506803587275       0.0721182439293117       0.6478141999516834
0.44149468722612206       0.05455213981191426      0.7671881331319285
0.14322611310323113       0.35763634815312656      0.3370196451179845
0.17430204737587385       0.3615159105679744       0.24674329669719255
0.12530739609354866       0.3837985894200753       0.47048212892625646
0.10903869135856133       0.41240813267189075      0.6084500609724312
0.09183514221021027       0.44137377133470795      0.7450704911899954
0.3568182358360532        0.14101078019530996      0.34056062663425607
0.3604940701150509        0.17211986551296918      0.251473234232237
0.3831010098756587        0.12357315762937113      0.4713868718210681
0.41227667246257393       0.10824759240040926      0.6089678168597267
0.44144440859855893       0.09139729526975719      0.7456906980753176
0.159930055217468         0.3860111317167767       0.39506312383132997
0.19059842326604842       0.3856254619281829       0.28932819119497305
0.14577436108341787       0.4129302185345787       0.5507266646301421
0.1294163970902156        0.441908094600201        0.7123567025834943
0.3849375408699791        0.1585738561549722       0.3943523607801293
0.3846660483819335        0.1892479522582883       0.28966455036450317
0.4125542133295406        0.1445968367757285       0.5512709082806456
0.44156480934015757       0.12848668542929162      0.7117775278193345
0.18137236565953269       0.4128014912328535       0.46813800211708473
0.21136222715710076       0.40595817452216765      0.332753326489204
0.16884576750096372       0.4428021471988977       0.6645014452679234
0.4118816258821725        0.17958968350468857      0.4677234120675287
0.40600078033129167       0.2097177558663564       0.3388699803019501
0.4419152663658612        0.16740306654395312      0.6616976586970839
0.23466057825758627       0.4214927215979547       0.37475713927931936
0.20786339511915858       0.439432094248693        0.5744038634016159
0.4210185762800799        0.23297850313787696      0.3756343221399901
0.43838948265960764       0.20510102406668348      0.572637933770943
0.27408429859086625       0.42188741386460094      0.2848263134296498
0.2555674848416927        0.4291216816345115       0.3905217805889885
0.24252155952260002       0.4475561657614365       0.5750613623721583
0.4348815485368402        0.2577372875455215       0.4396373461208481
0.44603706998472537       0.23664305723829082      0.5717350821133893
0.29355811211104405       0.4357396597049235       0.41156086764216665
0.2706728636592538        0.44617227920798286      0.5273178279497172
0.4209231221739579        0.3269787730129992       0.2845438303221829
0.4380851481741882        0.2973325303471327       0.43492140063284684
0.44491943424116853       0.2792711194421717       0.5086137448456773
0.3369495646719083        0.43706079338632203      0.46533206049375825
0.3148942267040269        0.44529984149051643      0.5136464378102682
0.443356783729348         0.3180406008138104       0.4976874646322589
0.4355853115966638        0.34001450876531575      0.45796777146459994
0.3616012456037916        0.42388475026308914      0.41586141793292297
0.3572578975262346        0.44777480840947315      0.6009402439192294
0.3861108903648609        0.4087099914219537       0.40651850046634724
0.4072444566934558        0.3874210827161685       0.40325067643464224
0.42271842855255065       0.3642341866183357       0.4157337355951651
0.4475157268409937        0.360167235813762        0.6052392503914131
0.38762196473442223       0.44148995601328594      0.6345373960032265
0.41447102602017283       0.4170258032652051       0.5988379591866395
0.44253643654175806       0.39036019733103566      0.649534809420859
0.4193092992446762        0.4454009528870144       0.753287522639265
0.44515899963235367       0.4296521365991066       0.7838503477080287
