-0.5                      -0.5                     1
-0.46296296296296435      -0.5                     1
-0.47611358825411         -0.4750467040109119      0.9666931335781731
-0.5                      -0.4629629629629629      1
-0.42592592592592726      -0.5                     1
-0.444722435816444        -0.46749588693329364     0.8996141237055405
-0.5                      -0.4259259259259258      1
-0.47288254249114176      -0.4447746701583033      0.9163705147670927
-0.34381509470881877      -0.3898901411482774      0
-0.36247264639346877      -0.3780843675302337      0
-0.36344295970328794      -0.39924188510346387     0.2071422232647475
-0.38888888888889017      -0.5                     1
-0.407010980613893        -0.4706202357535276      0.848708122858577
-0.3780845188751607       -0.3624724572274429      0
-0.38226036113267936      -0.3832753580152304      0.19654275602323198
-0.5                      -0.38888888888888873     1
-0.4720567174038235       -0.40810129403534606     0.8577785067207383
-0.3230217593943493       -0.39731391778357655     0
-0.3406349774835098       -0.4124867010787878      0.23369612895805428
-0.3518518518518531       -0.5                     1
-0.37095739820148443      -0.4724134482141503      0.8090622507046455
-0.3898902457518993       -0.34381488010554334     0
-0.3975238506617139       -0.36486661190209985     0.19964013200677455
-0.5                      -0.35185185185185164     1
-0.47214560729943134      -0.37166345837412357     0.8080548171437097
-0.3                      -0.4                     0
-0.31258090878093936      -0.4203472697893867      0.254929204224485
-0.314814814814816        -0.5                     1
-0.334826550707041        -0.4668922912389882      0.7263917210420522
-0.39731373575077505      -0.32302252884086213     0
-0.4115722833590587       -0.3439981606320147      0.2363725245297148
-0.5                      -0.31481481481481455     1
-0.46620751937563537      -0.3358685895134886      0.7215392089952104
-0.2769774712238124       -0.39731373576607576     0
-0.2824551319275206       -0.4198818923436703      0.2516854411374803
-0.2777777777777789       -0.5                     1
-0.2959353627474574       -0.46746167345832873     0.7134804671213323
-0.4                      -0.3                     0
-0.41844581983846607      -0.3072831661603954      0.22883628458160707
-0.5                      -0.27777777777777746     1
-0.4655200617430961       -0.29722741750019377     0.6958993389488235
-0.2561851200913486       -0.3898902458478697      0
-0.25927806003951487      -0.40879762565835487     0.18418512185894578
-0.2407407407407418       -0.5                     1
-0.26031127095368933      -0.4740648197634514      0.7818260140204457
-0.39731391776443764      -0.27697824052475        0
-0.42033396522745825      -0.2829010948642418      0.25602403546718233
-0.5                      -0.24074074074074037     1
-0.4663865263976752       -0.2601251510936873      0.7162456041955051
-0.23752754282701027      -0.3780845189187266      0
-0.2370487585825369       -0.3988882676076364      0.17669308483117782
-0.20370370370370472      -0.5                     1
-0.2241221589186416       -0.47237378385695955     0.7924652704155388
-0.38989014108906367      -0.2561849051696997      0
-0.409646678838289        -0.25983862717816575     0.19108898534629473
-0.5                      -0.20370370370370328     1
-0.4703665791060847       -0.22211433588532725     0.7790557552591912
-0.2219156324363984       -0.36247264635176235     0
-0.21718017248967583      -0.38367689111193626     0.1582065994912998
-0.16666666666666763      -0.5                     1
-0.1878527470671394       -0.4714010339065333      0.8155557264725425
-0.3780843668192726       -0.23752735271790318     0
-0.3983498643427533       -0.2386824878580172      0.1648704138740917
-0.5                      -0.16666666666666619     1
-0.4711962223091437       -0.18484968597982251     0.8166979124984861
-0.2101098587550143       -0.3438150945104142      0
-0.20194736854276207      -0.3642200771182358      0.1306360903077621
-0.12962962962963054      -0.5                     1
-0.1497687590744631       -0.47104871378757407     0.8419587397793321
-0.36247245810992484      -0.22191548183087964     0
-0.3842364178648935       -0.2181427752958271      0.15698042362650275
-0.5                      -0.1296296296296291      1
-0.47115623344437635      -0.14736189761611937     0.8441195643574062
-0.2026860822007247       -0.32302175932798993     0
-0.19120105339236299      -0.34257400329723575     0.10662830689350122
-0.09259259259259345      -0.5                     1
-0.11211373724086335      -0.4706361188825162      0.861520441684709
-0.05555555555555636      -0.5                     1
-0.07472031910456442      -0.47064013889653106     0.8761540520947654
-0.018518518518519267     -0.5                     1
-0.037541912808094206     -0.4708063405194584      0.885106737343946
0.018518518518517824      -0.5                     1
-3.91193868341801E-4      -0.47092318186097964     0.8882612702240765
0.055555555555554914      -0.5                     1
0.036826325045915737      -0.4709815182711408      0.8858917506020613
-0.3438148802273605       -0.21010975430747753     0
-0.36391073186977385      -0.199426185129346       0.1425710999348537
-0.5                      -0.092592592592592       1
-0.4709697218920616       -0.1105765489035276      0.8638005881996039
-0.19999999999999998      -0.3                     0
-0.1792259616565139       -0.31957776061706855     0.11283930538268702
-0.20268626413813337      -0.27697747162871        0
-0.1803919095977382       -0.2928054208829103      0.082093884217925
0.092592592592592         -0.5                     1
0.07384486444800534       -0.4710705976208658      0.8782098812630247
-0.21010975382479405      -0.25618512076290884     0
-0.1874051562554161       -0.25633069243614015     0.06651794029633527
-0.3230225289224543       -0.20268626426852807     0
-0.3426892766037428       -0.18700340008218763     0.12795613822533655
-0.5                      -0.055555555555554914    1
-0.4705036069526468       -0.07428857709147324     0.8757136380043198
-0.5                      -0.018518518518517824    1
-0.47050944370903897      -0.037302895164703066    0.8839845833274963
0.1296296296296291        -0.5                     1
0.1105439320707172        -0.4711731963089628      0.8647603854123146
-0.22191547912391407      -0.23752754527351996     0
-0.1990165839892202       -0.23603103852202345     0.05679040596238096
-0.23752735358547575      -0.22191563248661206     0
-0.21567804971388332      -0.21705786934002969     0.051221814652511834
-0.2561849061597916       -0.21010985842833635     0
-0.23563873534888546      -0.20109507960735595     0.05250838810933659
-0.3                      -0.19999999999999998     0
-0.3076012976468839       -0.18268016518102148     0.08273858747058656
-0.276978241075786        -0.2026860821052026      0
-0.2827163070984361       -0.18293346666447435     0.07075713132890236
-0.25826269760889226      -0.18958104965950326     0.05894187645349525
-0.5                      0.018518518518519267     1
-0.4704831038521535       -2.1895498783853183E-4   0.8865869064148394
-0.5                      0.05555555555555636      1
-0.470414516336803        0.03699921990901834      0.8836595550804889
-0.5                      0.09259259259259345      1
-0.47030686613577216      0.07459470539888001      0.8748000510020403
-0.5                      0.12962962962963054      1
-0.4709119173707152       0.11192756303027848      0.8628937158485215
0.16666666666666619       -0.5                     1
0.14693062913185992       -0.4714512296202337      0.8459784378463834
-0.5                      0.16666666666666763      1
-0.4710456973921788       0.1491845959917471       0.8423287685711692
0.23752735271790318       -0.3780843668192726      0
0.22191548183087964       -0.36247245810992484     0
0.21729406556963476       -0.3840723195334587      0.1602206118110777
0.20370370370370328       -0.5                     1
0.18328814601534507       -0.47160120615721973     0.8205083645746377
0.2561849051696997        -0.38989014108906367     0
0.23816052684509295       -0.3982166362769244      0.1660278017263743
-0.5                      0.20370370370370472      1
-0.47246463021621166      0.18740649384406005      0.8227471733951327
-0.3780845189187266       0.23752754282701027      0
-0.3898902458478697       0.2561851200913486       0
-0.3979008868726962       0.23537848922258822      0.17578550923692152
0.21010975430747753       -0.3438148802273605      0
0.19896170961224213       -0.3638090819432865      0.1445252584423925
0.24074074074074037       -0.5                     1
0.2191509552421667        -0.47181084446492105     0.7923101309038104
0.27697824052475          -0.39731391776443764     0
0.2589889087242783        -0.40999373530485955     0.19721931898913866
-0.36247264635176235      0.2219156324363984       0
-0.3827995798702964       0.21634552983710584      0.15679687193954758
-0.5                      0.2407407407407418       1
-0.47219574614731413      0.22422188465041273      0.7910328036225193
-0.39731373576607576      0.2769774712238124       0
-0.40834551234065974      0.2550472186404016       0.19343369073744646
0.20268626426852807       -0.3230225289224543      0
0.1867025532242936        -0.3425401440244614      0.1289778774838217
0.27777777777777746       -0.5                     1
0.2593662226669769        -0.46803472368678795     0.7308903974911498
0.3                       -0.4                     0
0.283706356416703         -0.4211705509325511      0.2642515501057207
-0.3438150945104142       0.2101098587550143       0
-0.36396126579023347      0.20080989747913963      0.1355081746693337
-0.5                      0.2777777777777789       1
-0.4715432355050532       0.25949711030574524      0.7607914916724225
-0.4                      0.3                      0
-0.4204669919466696       0.2894013362766896       0.25161408179570394
0.19999999999999998       -0.3                     0
0.18109466763194          -0.30675298548647645     0.08860119988433203
0.31481481481481455       -0.5                     1
0.2972790869671643        -0.466779178552799       0.7073244214224025
0.32302252884086213       -0.39731373575077505     0
0.31374429738066845       -0.42159418203226634     0.2700047711554147
-0.32302175932798993      0.2026860822007247       0
-0.3423241953832155       0.18956118201397423      0.11423358343431687
-0.5                      0.314814814814816        1
-0.4668869736053295       0.2961803574620243       0.7083099541183097
-0.39731391778357655      0.3230217593943493       0
-0.4220805578303491       0.31484403229615404      0.27662970133540693
0.2026860821052026        -0.276978241075786       0
0.17966058968402204       -0.28050841146635136     0.08204074412827901
0.35185185185185164       -0.5                     1
0.33418492710812897       -0.46784502970659525     0.7339112117168627
0.34381488010554334       -0.3898902457518993      0
0.3405421693106872        -0.4117067825368377      0.22525910452199563
-0.3                      0.19999999999999998      0
-0.3182718434799809       0.1779313304354754       0.11629827587895546
-0.5                      0.3518518518518531       1
-0.4686769678578593       0.3336703159656128       0.7405458154408125
-0.3898901411482774       0.34381509470881877      0
-0.4116235533719342       0.3409717396882328       0.2259071867927738
0.21010985842833635       -0.2561849061597916      0
0.19095154595545183       -0.2567632339418515      0.05615133261521411
0.38888888888888873       -0.5                     1
0.3696689460097095        -0.47119372717790037     0.7988631076884517
0.3624724572274429        -0.3780845188751607      0
0.36320926465855624       -0.3989827946219701      0.20347002212083296
0.4259259259259258        -0.5                     1
0.4073778202767565        -0.472916868576639       0.8611457576633738
-0.27697747162871         0.20268626413813337      0
-0.28685314547219304      0.17639537737521302      0.09439658991072856
-0.5                      0.38888888888889017      1
-0.4723502858612241       0.3696698553933299       0.8070584533790967
-0.3780843675302337       0.36247264639346877      0
-0.3989458281453968       0.3632473109174097       0.2033305760400981
-0.5                      0.42592592592592726      1
-0.4729645925320973       0.40570523819626503      0.8589996262150227
0.22191563248661206       -0.23752735358547575     0
0.20214128525407085       -0.23571720944617916     0.04998987039129455
0.3780843675302337        -0.36247264639346877     0
0.38276791843961394       -0.3829378474701622      0.19779291271352561
0.4629629629629629        -0.5                     1
0.44434867674402034       -0.4733500831653476      0.9171859654150801
0.5                       -0.5                     1
0.4749159689586098        -0.4761525265052933      0.9665730482075607
-0.25618512076290884      0.21010975382479405      0
-0.26044494480729563      0.1865568268921196       0.06627402227249411
-0.3624724572274429       0.3780845188751607       0
-0.3833652359760363       0.38221910632923534      0.19691374355847913
-0.5                      0.46296296296296435      1
-0.4675392920618607       0.44425681577333187      0.8989080390662163
-0.5                      0.5                      1
-0.4751105994637913       0.4759591896597041       0.9665639530833172
0.23752754527351996       -0.22191547912391407     0
0.2169916230717442        -0.21651142062181844     0.04983287323660892
0.3898901411482774        -0.34381509470881877     0
0.3988314028189755        -0.363955661126789       0.20627862488850965
0.5                       -0.46296296296296435     1
-0.23752754527351996      0.22191547912391407      0
-0.23704814155625767      0.19893235248631191      0.05573064660761362
-0.34381488010554334      0.3898902457518993       0
-0.36518872499063837      0.3975974960973767       0.20217527075825567
-0.4629629629629629       0.5                      1
0.25618512076290884       -0.21010975382479405     0
0.2359522085744663        -0.19958226805639165     0.05558852965081972
0.39731391778357655       -0.3230217593943493      0
0.41170452911627303       -0.34201675828656714     0.2304673574862566
0.5                       -0.42592592592592726     1
0.467268205086066         -0.4444495863981543      0.8984115430014626
-0.22191563248661206      0.23752735358547575      0
-0.21705379666587965      0.21506432813282103      0.0523437804809758
-0.32302252884086213      0.39731373575077505      0
-0.3452934326945016       0.4113741801594449       0.2392248679317067
-0.4259259259259258       0.5                      1
-0.4450507434530971       0.47257616910035266      0.9158435843640936
0.27697747162871          -0.20268626413813337     0
0.25612764797978244       -0.1874314519171926      0.06658367364645727
0.4                       -0.3                     0
0.42137961122605405       -0.31516392530370324     0.26938921129650945
0.5                       -0.38888888888889017     1
0.47060376835252127       -0.4061280552074711      0.8472467262738332
-0.21010985842833635      0.2561849061597916       0
-0.2009087811938249       0.23493807859100824      0.05384997508588391
-0.2026860821052026       0.276978241075786        0
-0.18893020674940408      0.25754404443231727      0.0613378367065909
-0.3                      0.4                      0
-0.30744380383967995      0.41906249048356176      0.23591335429620272
-0.38888888888888873      0.5                      1
-0.40821586866247384      0.47189833031994455      0.8571392499016072
0.3                       -0.19999999999999998     0
0.2928111625139349        -0.18075593985129068     0.08072390622250857
0.39731373576607576       -0.2769774712238124      0
0.42024058729191205       -0.28977039913743935     0.2488664492182517
0.5                       -0.3518518518518531      1
0.47191711937131575       -0.3702706924295552      0.8047241665348545
-0.19999999999999998      0.3                      0
-0.18266996261933216      0.28181851921921286      0.07169794248206161
-0.20268626426852807      0.3230225289224543       0
-0.17994896429738283      0.3057425019038517       0.09238330755235152
-0.27697824052475         0.39731391776443764      0
-0.2561849051696997       0.38989014108906367      0
-0.25923195358973017      0.4088487046940268       0.18484533292132463
-0.28298784529647597      0.4201016696047369       0.2534078381580645
-0.35185185185185164      0.5                      1
-0.37168817780125907      0.4718712828262803       0.8061664466465776
0.32302175932798993       -0.2026860822007247      0
0.3190877497055849        -0.17957644842566384     0.11054581035979281
0.3438150945104142        -0.2101098587550143      0
0.34238152166219243       -0.19085750856319922     0.10782997550067665
0.36247264635176235       -0.2219156324363984      0
0.36363902588618446       -0.2018567620584027      0.12845740121252805
0.3898902458478697        -0.2561851200913486      0
0.4082269524210813        -0.2553268216004888      0.19132671712194163
0.3780845189187266        -0.23752754282701027     0
0.3976654909399861        -0.2356703637359483      0.1725080620616991
0.3824253812414165        -0.21712174730116826     0.1503658593252272
0.5                       -0.314814814814816       1
0.46686252660872357       -0.33480368344411787     0.7261153108327073
-0.21010975430747753      0.3438148802273605       0
-0.18686132816667797      0.34248421138909085      0.12804564293255713
-0.22191548183087964      0.36247245810992484      0
-0.19912764662832919      0.36340534053033496      0.1418460570488551
-0.23752735271790318      0.3780843668192726       0
-0.23758749427789763      0.3979756623312919       0.16652921992413403
-0.21785592263230544      0.3830583457030359       0.15069847828274108
-0.31481481481481455      0.5                      1
-0.336105158168515        0.4660641245019886       0.7205485723438638
0.5                       -0.2777777777777789      1
0.46631791254507216       -0.2966306521044937      0.703156782490799
-0.27777777777777746      0.5                      1
-0.2976685273536784       0.4654636233439614       0.6954049691476649
0.5                       -0.2407407407407418      1
0.47106843270815235       -0.25988174421675303     0.7565226072785444
-0.24074074074074037      0.5                      1
-0.2604203258086834       0.46594397885204647      0.7122330502916131
0.5                       -0.20370370370370472     1
0.47021334369295914       -0.22611360757408444     0.7744456098220923
-0.20370370370370328      0.5                      1
-0.22190313661101593      0.4697996162006201       0.7750009319238417
0.5                       -0.16666666666666763     1
0.47075746568194826       -0.18820248923895944     0.8111260982663474
0.23752735358547575       0.22191563248661206      0
0.22191547912391407       0.23752754527351996      0
0.2145875396669249        0.21600993000335453      0.05502292314954369
-0.16666666666666619      0.5                      1
-0.18354149099183226      0.4706376705652549       0.8142402451884223
0.5                       -0.12962962962963054     1
0.47043927305290906       -0.14979627492228167     0.8386473347054434
0.2561849061597916        0.21010985842833635      0
0.23495831396332156       0.20071786751345272      0.05425771916725846
0.21010975382479405       0.25618512076290884      0
0.19785020045372628       0.23504734744931513      0.060666069606576445
-0.1296296296296291       0.5                      1
-0.14672688781513296      0.4708376802614526       0.8428303850019286
0.5                       -0.09259259259259345     1
0.4702389965094183        -0.11197645431372427     0.859731309230004
0.276978241075786         0.2026860821052026       0
0.2574884601754482        0.18923440701756292      0.06051170293930542
0.20268626413813337       0.27697747162871         0
0.18673059467041897       0.2555800670042635       0.06891258216250894
-0.092592592592592        0.5                      1
-0.11024798685201727      0.4707294592187896       0.8628396973137041
0.5                       -0.05555555555555636     1
0.4702812337127109        -0.07454745095568384     0.8747081963490523
0.3                       0.19999999999999998      0
0.28220348738544904       0.18231937438895998      0.07293005787611541
0.19999999999999998       0.3                      0
0.17981197282422406       0.29268374522053964      0.08422719765161006
-0.055555555555554914     0.5                      1
-0.0736759758026621       0.47058605836275214      0.8762424264446468
0.5                       -0.018518518518519267    1
0.4705490498177669        -0.03728723229294307     0.8841415319082003
0.3230225289224543        0.20268626426852807      0
0.31114331552749575       0.17680437016720113      0.11103090814966232
0.2026860822007247        0.32302175932798993      0
0.1782465167422698        0.31977862238610794      0.11737052561674254
-0.018518518518517824     0.5                      1
-0.03682081175669122      0.47052209593322863      0.8841041595956298
0.5                       0.018518518518517824     1
0.4706598660243557        -2.6370465285731684E-4   0.887258968357686
0.3438148802273605        0.21010975430747753      0
0.3391452060616141        0.18696923463195433      0.11826727872674951
0.2101098587550143        0.3438150945104142       0
0.19037800388298234       0.34257734598503287      0.11084209178300843
0.018518518518519267      0.5                      1
2.747517706804525E-4      0.4704960549635844       0.8866367472004196
0.5                       0.055555555555554914     1
0.47064585021616184       0.036774915666183815     0.884592283016625
0.36247245810992484       0.22191548183087964      0
0.36212975589983243       0.19968350231396548      0.13325938626467018
0.2219156324363984        0.36247264635176235      0
0.20115982185566644       0.3641066870562384       0.13431909985861143
0.05555555555555636       0.5                      1
0.03730025088116344       0.47033201016028237      0.8832945180945421
0.5                       0.092592592592592        1
0.4705845842061748        0.07383373533703977      0.8761895053799958
0.3780843668192726        0.23752735271790318      0
0.38195575012826044       0.2155166228335819       0.15567233533229
0.23752754282701027       0.3780845189187266       0
0.21703042881633045       0.38266232385886406      0.15237939458659702
0.09259259259259345       0.5                      1
0.07439015641748999       0.47026425438018654      0.8746854986617306
0.5                       0.1296296296296291       1
0.4706457009779151        0.11076753952024931      0.8622066303626078
0.38989014108906367       0.2561849051696997       0
0.39822623496640586       0.23437616766825758      0.1829433883114712
0.2561851200913486        0.3898902458478697       0
0.23560260037344824       0.3979284449575877       0.17501913969992358
0.12962962962963054       0.5                      1
0.1116305542155023        0.470251186500822        0.8599563029506826
0.5                       0.16666666666666619      1
0.47068019890086105       0.148067810790043        0.841106584769693
0.39731391776443764       0.27697824052475         0
0.4109382659081608        0.25632232089224954      0.21490159768628272
0.2769774712238124        0.39731373576607576      0
0.2559360834432563        0.409225661284291        0.19920564256652892
0.16666666666666763       0.5                      1
0.14896405699978893       0.47068715739129735      0.8405473675776357
0.5                       0.20370370370370328      1
0.47054357651306056       0.18572568665702302      0.8118274481722009
0.4                       0.3                      0
0.4202342323396048        0.28230760093125823      0.2556431283609956
0.3                       0.4                      0
0.29123906959619483       0.4148436116096005       0.1868521575083092
0.20370370370370472       0.5                      1
0.18697957169100887       0.4709167320091094       0.8131716530150267
0.5                       0.24074074074074037      1
0.47097263848008236       0.2225596976752024       0.7832107814451579
0.39731373575077505       0.32302252884086213      0
0.4187576326576596        0.3070568091439273       0.23220611001894056
0.3230217593943493        0.39731391778357655      0
0.31423138811702317       0.419112002378227        0.2430770047010438
0.2407407407407418        0.5                      1
0.22493056189449712       0.4724209739134682       0.7921845031460916
0.5                       0.27777777777777746      1
0.4663216963536603        0.25912912066000193      0.7163460886278069
0.3898902457518993        0.34381488010554334      0
0.41158412892727586       0.34388311339117494      0.23607089579475807
0.3780845188751607        0.3624724572274429       0
0.3982545711520137        0.3646376601722068       0.20493451441591617
0.34381509470881877       0.3898901411482774       0
0.3406293013019903        0.4111806663361549       0.22004325605382777
0.36247264639346877       0.3780843675302337       0
0.3631881969706531        0.3989312857102162       0.2028639508424939
0.3825152330259782        0.38324499520401206      0.19821244522215223
0.2777777777777789        0.5                      1
0.2605779514225314        0.4736216356865999       0.7779381929440498
0.5                       0.31481481481481455      1
0.4656104143193981        0.29727839190766864      0.6967136126369509
0.314814814814816         0.5                      1
0.296540968767095         0.4680052786494283       0.7184107599091719
0.5                       0.35185185185185164      1
0.4659499870835628        0.3357148097283494       0.7192185263622688
0.3518518518518531        0.5                      1
0.3345360368125914        0.4670898314732622       0.7278244246179515
0.5                       0.38888888888888873      1
0.470768171744706         0.37024953765250346      0.796584319127092
0.38888888888889017       0.5                      1
0.3691958244602207        0.47122026406287726      0.7984494169064003
0.5                       0.4259259259259258       1
0.472109115970702         0.4076660853815142       0.8574008665062046
0.42592592592592726       0.5                      1
0.40668535859722554       0.47194242588850754      0.8550790973361019
0.5                       0.4629629629629629       1
0.4729030240093175        0.4445248374471516       0.9160560926487665
0.46296296296296435       0.5                      1
0.44415590130607757       0.46651378019757067      0.8955141704829244
0.5                       0.5                      1
0.475965171711297         0.47475928103309784      0.9661001456374994
-0.44440066737771505      -0.42911797119222506     0.7791595309117683
-0.418800185117645        -0.44356077544304096     0.7432358905203735
-0.4134757003191655       -0.41613001234651936     0.589568574272482
-0.38593448657123236      -0.4082085097201534      0.40205749192608403
-0.40611881474821027      -0.3868080561740959      0.3920945289750935
-0.3880655550159414       -0.44019149843488137     0.6274598848080805
-0.36206835938853527      -0.4232284927920721      0.41198549829840353
-0.440963932089653        -0.39022650526073593     0.6391434176575242
-0.42283687945791976      -0.36395063943178435     0.4156511055396855
-0.3582117748996353       -0.44717901477470645     0.5982229697317976
-0.3371421731808408       -0.4358232012206981      0.4541496111082473
-0.4474454034425161       -0.36003018972086726     0.6043739815595176
-0.4350844127292734       -0.3394813672370026      0.4521669116017785
-0.4209095715451978       -0.32654137409819184     0.28348015416093103
-0.3148724792531995       -0.4453687010050338      0.5143179720634561
-0.44301635400915496      -0.31686799817485917     0.49330443719227784
-0.4383372137932831       -0.2968625914547242      0.4374496678281698
-0.29569914497883326      -0.4389912584999413      0.4440043350718633
-0.4448373573553502       -0.2793280380403395      0.5077519385294554
-0.27295769308933315      -0.446417817641289       0.5275631564237103
-0.2592128068430175       -0.42891906557379167     0.38142848743015134
-0.4336090196152382       -0.25952393528885065     0.4248324456421247
-0.24393514072335698      -0.4490506788356562      0.5854917781409864
-0.23720057270914227      -0.42091460930069635     0.36280335715537687
-0.4189143226684564       -0.2436143346890356      0.3272728916961618
-0.44189713529825997      -0.23209893096342388     0.5462525544388038
-0.2125673416478961       -0.40804041419896214     0.34280365667042845
-0.20818935055222476      -0.4397261711623069      0.5758296519411586
-0.4120228727692503       -0.2158905457992697      0.3595795583035076
-0.4426133460211437       -0.20045690414458112     0.6101724168191734
-0.1923494788307153       -0.3878555313560025      0.2942782714381156
-0.18210293768020036      -0.41343825991141653     0.4697963766423463
-0.16954455511919675      -0.4428644181259244      0.6637850351323148
-0.1789280153524056       -0.36492629608206384     0.2413419760644934
-0.38828368861152585      -0.19021368121149015     0.30479072712246463
-0.4150144325848102       -0.17857348216310795     0.48781717294018084
-0.44282970354984164      -0.16372564112487847     0.6723639168077905
-0.1716516457449526       -0.3433701853769702      0.1978306617318537
-0.1632003315072494       -0.3880792042794787      0.3946363070744215
-0.14690933407671863      -0.4140512706415934      0.5537813531985502
-0.13184023558276964      -0.44170153962973374     0.708604555594985
-0.14940909142612396      -0.36128319187020885     0.33109932234986367
-0.36131119300580244      -0.16963888939854438     0.26383984470600136
-0.38976582542782445      -0.15769241307119633     0.41773288372755074
-0.3668469971009472       -0.14504603059740245     0.36262793868298115
-0.4145711591292754       -0.143461707627232       0.562776924652539
-0.4424708496205696       -0.12758408437418353     0.7170559929187997
-0.15157514869986102      -0.33161051565128113     0.24008412872240772
-0.17789445553034938      -0.2731661549218192      0.08796734709321738
-0.12786315789223518      -0.33949940875716084     0.3255653978909996
-0.09388611635840327      -0.44101084137173335     0.7419903121136803
-0.12950313167733268      -0.3869206758155871      0.4736334074275825
-0.11139349623376513      -0.4104911548336384      0.5975168518550317
-0.1231027955162933       -0.3623287081115103      0.4016905171707991
-0.05667650939859446      -0.44152142342506434     0.7663831285890047
-0.019438644768201594     -0.44183155232510957     0.7782682424431765
0.01779063391154334       -0.4419538181679498      0.7789429817206407
0.05483662874487631       -0.44219317778449113     0.7697378264621806
-0.32551016929742593      -0.17869882310227866     0.1255095788465828
-0.33713497050268065      -0.16405619400590532     0.21048541847648058
-0.3482528713830515       -0.1484483581469525      0.29323619195469686
-0.35155732905990533      -0.12502863777596332     0.3649448707818106
-0.3838633040833949       -0.12466031968782917     0.4720352458355102
-0.4419115952583661       -0.09170537223858534     0.7474066830236755
-0.4134940308313657       -0.10851681543456687     0.6135076821201261
-0.1532852462313713       -0.306489559216549       0.18825000418411486
-0.12797882552862397      -0.31943479547323467     0.27991111923031425
-0.15564794745020774      -0.2822380200733087      0.15664931037264465
-0.16322674637680068      -0.25952926829922185     0.1295251577315202
-0.10841738583138034      -0.3486813988993006      0.3916577267538225
-0.10705033137746055      -0.33175060295442904     0.3514949923473518
-0.07642494299259905      -0.41129840488521124     0.6400593885846032
-0.0953750839689433       -0.37574237651322073     0.4946408654607946
-0.03862074217859009      -0.41302255800414106     0.6703390222418572
0.0909643476089695        -0.44262959665277873     0.7509397295730187
-0.0011921442671323492    -0.4127619919730643      0.6773666768882354
0.07201504761741          -0.41409716975215977     0.6540038366819284
0.035923572983676946      -0.41316513111858055     0.6719059695749837
0.12691773957444205       -0.44294537466782913     0.7200185029448379
-0.17117192403242784      -0.23607150034767907     0.11784854167386659
-0.31485552391765953      -0.1600588444468766      0.17889576699022355
-0.33019078880840186      -0.1404888488585923      0.2700712602116915
-0.32566831272147845      -0.11300195702918543     0.32612010830716504
-0.363792670720958        -0.10322334909873472     0.4446649456040019
-0.3430377435969959       -0.1005549944878413      0.3909456188613995
-0.44129408275970816      -0.05578342437926363     0.7658974241465475
-0.3854784111507216       -0.09012516423068978     0.5340844662671763
-0.41298393285073964      -0.0731622902357444      0.6489992087198929
-0.4409873697491407       -0.019124648399594785    0.7752222840237192
-0.10404156575003817      -0.31321533479461794     0.31792384825074776
-0.1248915616522287       -0.2932708153835625      0.24401985016086347
-0.1340089735315691       -0.2681302348103771      0.19946823532724725
-0.13955401182081148      -0.24031648459302185     0.17777466302860015
-0.08513113578179052      -0.34436892160813526     0.418473488918532
-0.0888699174806951       -0.32530375819412494     0.36767713258332124
-0.08256945899564358      -0.3093465103806458      0.3442262407361141
-0.057768158562421526     -0.38320659479586405     0.560204825083697
-0.06681477942735822      -0.3576055687610832      0.47605891170681314
-0.020330434901457372     -0.3835419187914746      0.5807865898628445
0.10740016049124168       -0.4144035443059766      0.6186234721589025
0.14267150976597426       -0.4148500596345088      0.5655363692905307
0.017362815568871606      -0.38365068900423727     0.581847995537879
0.08809325748234265       -0.387667322757396       0.5440782736473849
0.05415632945020195       -0.3848509622238958      0.5681355845767713
0.1628084932986768        -0.44325302482579776     0.6760637880059689
0.17864653370441735       -0.41572803503569045     0.4916145538751702
-0.18777239800627318      -0.2132101663582637      0.10521022301301959
-0.15722434567846888      -0.21405421382751377     0.15301026757989358
-0.2092744416121626       -0.19174381700908358     0.1031973222751097
-0.2355907101475497       -0.17560062705421906     0.10891567473582044
-0.2894840305222149       -0.15959755682833035     0.15035300643693042
-0.26246728582290413      -0.16506118409743142     0.12488077555961064
-0.3012393784476583       -0.13043209939917366     0.24262093405556182
-0.4409896204648776       0.018111496686300393     0.7753728835409933
-0.44082824310013846      0.055308413754781634     0.7643214835974792
-0.3029161994873235       -0.09660712918787513     0.3119814979135845
-0.3251526370372305       -0.08495368265878164     0.37303318873703617
-0.3550265657137725       -0.0757476293113501      0.4590197695252879
-0.41214868714430125      -0.03724704768556374     0.6678843751794342
-0.3837181718887197       -0.05543181038589976     0.5636214424790486
-0.4116432687884984       -6.786069319108676E-4    0.6735955728469096
-0.44106296793875743      0.09205862920733643      0.7436055845812747
-0.44179103003281095      0.1292445517496733       0.7119996044511075
-0.4426877211519386       0.16771287947802602      0.6655777465230762
-0.09238792031067009      -0.2920362810338384      0.30093331817242414
-0.10689045276312047      -0.2713514822830113      0.25209342848064664
-0.1177590319062849       -0.2534926858986428      0.2197321265975886
-0.12535847791930177      -0.21440256008100977     0.19648613445283847
-0.11337089061670387      -0.23458890911254074     0.21647617346632622
-0.06688394954670172      -0.2957607321052506      0.3387146608355738
-0.06143503675086735      -0.3265169275335463      0.4040424958058076
-0.03721824785034798      -0.3551908177105419      0.49275651089868394
-7.321860642520182E-4     -0.35411867054100865     0.5000968368446284
0.15656143874331505       -0.38851767709804863     0.41538578134968507
0.18930399066400005       -0.38879562094461073     0.3109798511308972
0.12369469278375252       -0.38425270187371047     0.475391005232204
0.1443743244927576        -0.3670371225372834      0.3651308814770621
0.10209144847981944       -0.3648314198332502      0.4497464179482057
0.03632390192911336       -0.35527370255444457     0.4934616028737299
0.07477161964723959       -0.35555455499112537     0.46163197122221356
0.21486132727094365       -0.4137626006069608      0.37533806159579397
0.19835203348546304       -0.4429632033418282      0.61629134441763
0.24028594977539997       -0.4194506909009058      0.3415244564057059
-0.1399098996584687       -0.1916913356909896      0.1830348801626723
-0.1736194524346164       -0.18367486861795643     0.15234386320265256
-0.20524059194268646      -0.15812112298950123     0.1559229778581521
-0.23975501910218386      -0.14590865040665044     0.16634059024041326
-0.26955893773037337      -0.13692170411097407     0.1942534201421494
-0.27600185594615645      -0.10634865533238166     0.25798678549051507
-0.41159111646701074      0.03648502872603275      0.6662716923445567
-0.41080682291700416      0.0731572799301774       0.6410703938162096
-0.2830377698664365       -0.08154182387996212     0.30247764614649125
-0.30221297016129817      -0.06791148610285813     0.34879389123162974
-0.32642355096349335      -0.05308786095984166     0.41137809555722743
-0.35425404473657823      -0.03719106883180845     0.4902772477677004
-0.3824743395033148       -0.0190559578139872      0.5778680840911473
-0.3819518147481964       0.01712325315454602      0.5767442575811222
-0.4117329280761039       0.10811926138022773      0.6069591512918929
-0.41350673811782235      0.14553895561835614      0.5538797148377198
-0.4132806319935396       0.18081201385232212      0.4723173237441753
-0.4073890372407569       0.21131988925886622      0.34268171563448485
-0.42158007387493723      0.23524738917960403      0.3738385603565098
-0.44186861363302243      0.2089211225756718       0.5894598717776293
-0.0769219852816983       -0.2727522403107649      0.2942123215031894
-0.11158488121188422      -0.19288662129755857     0.21007802610282764
-0.12386659399368938      -0.17424575966334555     0.2017035781868502
-0.0911748678188381       -0.24858955225461005     0.25300291946236014
-0.09300961456853203      -0.21613952059065392     0.2319068661962565
-0.04613132483155637      -0.2746260229413169      0.3236592178734416
-0.04185797110977467      -0.29928641043139137     0.3655315202288575
-0.018885380521882666     -0.3210320848024061      0.41866166438126345
0.018354163444813238      -0.32602288813114744     0.4296363156291723
0.1684444120771673        -0.36115906881990273     0.26772208925217184
0.14833625850873938       -0.34925633721690885     0.2965059099015001
0.12422251946580529       -0.35269228550899484     0.37006423785134757
0.09932757039980816       -0.3441669928312183      0.39597098349950544
0.05403066952780583       -0.32744445043525305     0.4128534042813338
0.0843765001199934        -0.3261232109884221      0.3759744567397562
0.2304173387319221        -0.44161654998162597     0.5471138834908728
0.2587172111829989        -0.4343478389535607      0.4330777821879173
-0.14527980182538475      -0.16519088584939745     0.18890600827696594
-0.17063468831887033      -0.15171253860094566     0.18128165396499915
-0.19011699467344453      -0.13179942428417296     0.19159112798210587
-0.21745673611173338      -0.12569007510941183     0.19625947577574468
-0.24821585285785627      -0.11405718907836496     0.222270441026204
-0.25760169538606964      -0.0822810232633371      0.27123896392584873
-0.38238829520454076      0.05435711974659197      0.5602493408598725
-0.3774778453150246       0.09127411144510209      0.5060795101822552
-0.2746771548102198       -0.053694396602290334    0.31841733305928216
-0.3010901862538104       -0.037614958853259495    0.3713045520976231
-0.3266755492358707       -0.01899920342808915     0.4308972142620528
-0.3512060911142979       -8.239510916828174E-4    0.49251193147226763
-0.3523425889396532       0.033211872156382265     0.4873211879746316
-0.38667528223486525      0.1910154467695126       0.2932045113509613
-0.38694931612015565      0.1604089423625123       0.39775321952553583
-0.3845988013323861       0.12693608488737534      0.4701527867606801
-0.42755124312663         0.25576772924281477      0.37554249116240507
-0.4471206581514039       0.244980934004716        0.5677492449179713
-0.418975638150436        0.2701429221326242       0.26157526433399514
-0.10061483036274606      -0.16849179611924148     0.21793357943026112
-0.12194355690996325      -0.15296815935954075     0.20781695637410344
-0.05733362522722103      -0.2535400939993652      0.2899357821139236
-0.08099998183381425      -0.18824312223348835     0.232241070489682
-0.0632270824202484       -0.22879305731776        0.2635594893849464
-0.06535702751431302      -0.20546086151749576     0.24809956350440165
-0.027548436141210372     -0.256346463548673       0.30930542826317065
-0.012847617564867223     -0.2830973957958682      0.3500975073410763
0.009588390413354086      -0.30001328011508255     0.3792146872626381
0.0388752353976537        -0.30067047560256943     0.3698174380183428
0.1629816437365387        -0.33761832821234955     0.21566612136123195
0.13911228378140883       -0.3318320181038166      0.2776844870428228
0.1121689385011126        -0.3281953932223088      0.3333871585900671
0.07045186351349944       -0.3032662421077945      0.3479183162895893
0.09786370097835478       -0.30941038757704004     0.32145446863661187
0.17806690135121114       -0.32547379388998576     0.12818234962082867
0.2795384907827131        -0.4458207829146342      0.5169974563580186
0.29804468672493023       -0.4402256959004395      0.4563332764231699
-0.1409058618836927       -0.13645842971040972     0.20460584024175874
-0.16475849684497396      -0.11895749813287788     0.20696166797718366
-0.19249446014895846      -0.1045158865881283      0.21605736668502365
-0.22320197074536124      -0.08640373118164277     0.2412832565760639
-0.24270794597854686      -0.05654648702162315     0.27970384691815126
-0.3577380206809787       0.11742536547329392      0.3996651182447981
-0.35345195313971384      0.06708027344476061      0.46443468959588685
-0.3481197995224716       0.09377598989383         0.4154540445426259
-0.2537595418063546       -0.03148497995148441     0.30480407082969
-0.23259292096157003      -0.03506405355093485     0.2819868090788286
-0.2770435351017747       -0.02106109208279707     0.3389223308329812
-0.29950835725020575      -0.010935713943680609    0.3780975919868978
-0.31687007353502594      0.016255695221310235     0.41063190964466767
-0.32457358200336317      0.05200081247915974      0.40820273805905977
-0.3631575546535378       0.1764145790755239       0.2445808234240557
-0.3563457537171216       0.14856589970687026      0.3174847633020214
-0.2373575896706742       -0.017381279136020132    0.2916543984965821
-0.44173433311571275      0.2734201822567281       0.48297780277176017
-0.43960398839502535      0.2979653294907835       0.45015847268328557
-0.11280113315495222      -0.12664718832567842     0.21789278890682043
-0.07205925911072421      -0.16198683561745406     0.2317694551921143
-0.09350403430910152      -0.14416696437137022     0.22233468230680378
-0.03414725297759799      -0.23311192388575303     0.2828041333064724
-0.04963500583090399      -0.18311575984779369     0.24602048032948742
-0.04036624753280834      -0.21010568078307482     0.26297365746119045
-0.002913034319180545     -0.2562870577400434      0.31402421408343917
-0.011862220120896468     -0.23824163728726874     0.29344949384502256
0.0224359684411065        -0.2705122167822138      0.3291704822476244
0.05839111449519185       -0.2767943415945974      0.3176047852344133
0.15722179078412404       -0.31699024219613653     0.19206057933578227
0.1280689988022819        -0.3070445546285662      0.25725981564090444
0.08710194760088281       -0.2842304692125926      0.29700633267821347
0.10895885143508051       -0.2893918115872732      0.2701702966964673
0.3161805567150065        -0.4465021763455398      0.526197292123233
-0.13104309164904282      -0.10238798100420085     0.22045233155574742
-0.10267503171675214      -0.10473855773963922     0.22459533609013108
-0.16184538167910345      -0.08657302675720559     0.22530537786506952
-0.18966059533275997      -0.07145324860620311     0.23827210269026758
-0.2142765094016042       -0.05028220860443093     0.2612869132430238
-0.21364690071975292      -0.019475196072062616    0.27136566479913643
-0.33723356616960654      0.13239539907996362      0.3085703006402728
-0.33120163418584725      0.10911423093688064      0.3462737657199222
-0.3283207876558698       0.08203442518974488      0.38410856034554675
-0.3069625659064653       0.07305371511587823      0.35170966601859166
-0.2556950291225893       -0.0038845881748884917   0.3132641038300656
-0.28185504213209894      0.010021942392706666     0.3486124625129981
-0.288553617253467        0.04817414965021788      0.34313698228813444
-0.34170496545215423      0.16924162635507312      0.2027614076982335
-0.32903323122131745      0.1525159576822363       0.2312442063201836
-0.23069477443356368      0.005014674118254552     0.28697358260825995
-0.4468510854770658       0.3159807391623216       0.5293642656962136
-0.08673522246116092      -0.11916303776890994     0.22616494562686615
-0.043180779401333726     -0.15308720787500688     0.2392525292224583
-0.026182948333645463     -0.16984654751254188     0.24736897671846786
-0.06442638647856902      -0.13481130542196335     0.2315885367503652
-0.10775202644046937      -0.08119585716366669     0.2281358215023961
-0.08266723939057427      -0.09274992206490519     0.22908375356329583
-0.010863872765237701     -0.21640224090493546     0.2746716531237449
-0.019313198160739658     -0.1930664852854291      0.25864625456543583
-0.006043561375772257     -0.17318205730007535     0.25074655634596876
0.015257133789964836      -0.2332375752861932      0.28814450030632205
0.05073798469908443       -0.2449921391734904      0.28565552802117683
0.08061079858626786       -0.25782207462585527     0.27329014324143297
0.15400624940136357       -0.29321977285562445     0.17027799638911015
0.12934774334622398       -0.28049546072940584     0.21961477934517534
0.10633535659690241       -0.268697957782995       0.2502797994669756
0.33713254090962524       -0.4372707260649936      0.46764695806257395
-0.13306726030709704      -0.06862110786628241     0.2304305716713619
-0.16005984107324972      -0.053513990019844804    0.23802558676956317
-0.18733193919506289      -0.03671270285331344     0.25196470719141756
-0.20717093134442882      0.0063894851121776754    0.268509525050069
-0.1874615901083704       -0.007432479450759881    0.2570338296957415
-0.10583484277648564      -0.05108511840777785     0.23275840317740623
-0.316999890564557        0.13011203022174325      0.26998392751357475
-0.30583890606746555      0.10166172743448497      0.3086353967002465
-0.2848878599252527       0.08072318425772428      0.30612119400657317
-0.2534596915910697       0.03158320561000945      0.30442556653167224
-0.26315004261538877      0.06586030299741948      0.2936807783351402
-0.30495742284766525      0.15495165079211623      0.18097491480674957
-0.21765748651021397      0.033519106650435275     0.27057118713648015
-0.43871143397275825      0.3365625965953664       0.4799260002654489
-0.05818074340332087      -0.10670168585832396     0.23184707146717518
-0.012742948011140495     -0.14678051652819704     0.24213615545037998
-0.034041884201333306     -0.12197872869105453     0.23590114740959098
-0.07916569058169488      -0.0627759270920541      0.23177651416883013
-0.061030570160110285     -0.08051255800284762     0.23186342236838636
0.012695643923694435      -0.19459214404798156     0.26034880499780516
0.015325643702969896      -0.16162459312622712     0.24603353261608588
0.011662808432861828      -0.1379499256467323      0.24028341117008303
0.046570536901899696      -0.21167519246751604     0.2613889364617916
0.07753011578679445       -0.22847652464550885     0.25225090018905955
0.10356188199942981       -0.2438465044323992      0.2342621792319816
0.152328189311679         -0.26840219332850285     0.15817879731028492
0.12794727139771972       -0.25630000396874286     0.20398463645742212
0.12459911649036412       -0.23346139029994262     0.2003751797801689
0.17063655647976084       -0.2557621929796963      0.11143179991221086
0.3582762720028795        -0.4481933573176379      0.6064914546175965
0.36152961785866866       -0.42331727484857024     0.4107692676873233
-0.1318683782242312       -0.03697067384499867     0.23673020908020734
-0.15896150392874744      -0.018029981301048496    0.24495373631390802
-0.1880511496482221       0.02112002873766793      0.2558020602302245
-0.16898729335708035      0.007381579020861966     0.24909150923577178
-0.10438654947388412      -0.02323295292717712     0.23520839586083617
-0.0772828421588813       -0.03508849743772809     0.23345130962754737
-0.29322632650203895      0.1299337788414661       0.2327353129504656
-0.2792617981639878       0.10664089219715839      0.26127348273588674
-0.2655602295447416       0.08894831815118673      0.27158719896817696
-0.23688511349114244      0.06235486357480631      0.2704959202539725
-0.24886820636312854      0.0837543929011552       0.2615490718745934
-0.20988114780698028      0.06898728211624919      0.24801362676337033
-0.28351716785306086      0.15141826176089687      0.16914754519349087
-0.18757037371107332      0.052145389398304265     0.2467777857772319
-0.44864955163425435      0.35727824290565635      0.6080126034590007
-0.42457028568989746      0.36159167401229464      0.4216444931608628
-0.032345021999533166     -0.0860608144216482      0.2337675209961094
-0.0023132233364088345    -0.11342248018112534     0.23678231050472334
0.023350563123068137      -0.12328835591892887     0.2371027807303204
-0.04803571915743263      -0.05331528735050813     0.23308386760745275
0.04802283610951125       -0.17340268852115914     0.2432370994266935
0.03469400668582044       -0.14463368247918312     0.23917448939312422
0.07792955755042694       -0.19709636048404872     0.23679303259220238
0.10576993498365792       -0.2154268766897438      0.21901741458874172
0.1513510044335146        -0.23880356552817047     0.1562653763670487
0.1362794378638771        -0.21089234719743324     0.18292515314347504
0.1788914530141367        -0.23433356063360544     0.10285430498639923
0.388865328128265         -0.44134002879012985     0.6373532755749048
0.38607746726680414       -0.40755073344807263     0.3982008796630081
0.4276411782431067        -0.4465815171448888      0.7835044734025739
-0.1289062214962003       -0.007287720471498035    0.23881897091220675
-0.1481710936973752       0.008313318199774065     0.24271038960353622
-0.1594592228581656       0.03471709169498827      0.24258404240188353
-0.10539457191866433      0.0012503464929116026    0.23596946442361938
-0.08125949362690407      -0.005148535193162388    0.23440900324394076
-0.0489066821366906       -0.014784155832142496    0.23363723382926407
-0.26878277351549695      0.13481811064239685      0.1982097768084881
-0.25109711330640494      0.10824237276308757      0.2326479598101632
-0.22862088977404202      0.08953755602335418      0.24122619765878264
-0.18778720806247953      0.08403986680084946      0.2302168499151537
-0.20642815799718486      0.09418252673476885      0.2274868495227158
-0.2637580152243039       0.16097097448282216      0.13543049804968607
-0.1636248087258432       0.07090027193497307      0.23248936446198623
-0.44130401146709086      0.3871904561376892       0.6320101618619286
-0.4087170158593935       0.38563277470969837      0.40406889915740013
-0.44501931459882105      0.4174887354573178       0.7459752289007083
4.194640348777898E-4      -0.0792569804016754      0.23434606132921357
-0.018755635763703697     -0.05895346729491378     0.23368088532231251
0.042412347244510915      -0.12164103376182529     0.23480948068919863
0.027487688945830223      -0.09864569444969735     0.23457843146194549
-0.022015648718992076     -0.03241534008149261     0.23355395338041293
-0.020015339491848107     -0.0075375555319494554   0.23358619673547926
0.0816018929125312        -0.1670321130383314      0.22814188790419418
0.06696917976737961       -0.1371076442443029      0.231068073637972
0.11213440825986788       -0.18153826397007633     0.20972843284330073
0.1645286294730052        -0.20721977693874344     0.14595901616445742
0.14899152298164103       -0.1794320348443973      0.1790713672819896
0.1936090526719395        -0.210767379545782       0.09844070867011044
0.4079325799054725        -0.386580748417001       0.4035515424389546
0.4155749149553276        -0.41412960061821885     0.5899692962896542
0.44361888426683926       -0.41943381056216905     0.7454943298346796
-0.12465523173429945      0.02494362055155039      0.23714360464916237
-0.13520021252085226      0.06013141643282904      0.23266922064402332
-0.09154394802085011      0.023526173364996742     0.2344129642344139
-0.06117731510584566      0.016731741508987933     0.2337373092205963
-0.03294258959008218      0.013077651651543523     0.23358697900971112
-0.1683244264335112       0.10120512343935215      0.2175822613184919
-0.24311088130122127      0.14023888930477257      0.1769714316883597
-0.2185142141185257       0.11925266604427612      0.2044006760122126
-0.1913505527848224       0.11007652309900999      0.21132703286772284
-0.23914124720518384      0.17151857558627306      0.11557300171717992
-0.1740370234423751       0.12293307411005165      0.20244568459976325
-0.14340740876897728      0.0931627438435153       0.2225096142118206
-0.41685708339658656      0.4129667370871636       0.5907779568003545
-0.3872596504813526       0.40658136377439774      0.3977740211989315
-0.4305498116415684       0.44334267884913564      0.7794638317836436
0.0247710159502037        -0.06928883417010875     0.23369726574482116
0.006963990879646337      -0.04690478244758754     0.23366818233782033
0.0595602977004562        -0.10452979171701421     0.23164300365503765
0.04972310587027626       -0.07548080853825281     0.23269619783538822
0.0015189318103695482     -0.01650620005171001     0.2335876324538917
-0.0035563529821654193    0.009885028142995534     0.23358578383948655
-0.01333876241594623      0.03417546271297732      0.23358898687933985
0.1024342466813711        -0.1462036830641606      0.21847237428289887
0.09056701201143832       -0.11311566472988588     0.22584551808588713
0.13416092229878046       -0.15061683762735853     0.20197243248557487
0.16342526700822568       -0.14906278208227283     0.18711460878116495
0.18405976621448963       -0.17619698286752075     0.14933565878023972
0.21345288948717886       -0.18895518106536072     0.10298504057168732
0.4238535292908941        -0.362773089214882       0.41985433602234495
0.4404902466612193        -0.38813755862388166     0.6296225014992657
-0.10391135155544612      0.053954718999657536     0.23236166917085563
-0.1161896642911068       0.08310970317620762      0.22719893368433478
-0.07385765685129748      0.04864918513067026      0.23277188345544422
-0.04235805269510633      0.04088057875218256      0.2333548248675977
-0.023377619853876486     0.060980302053125254     0.23362358778200146
9.668667501043709E-4      0.05538257727781887      0.23376827369322278
-0.15359405859251868      0.12140041443514145      0.20795360167615087
-0.21624594086835244      0.1549055622159797       0.1556019823800838
-0.19274596279765205      0.13758523216896007      0.18514446248515457
-0.21423124927943132      0.18734050470158625      0.10484800435313994
-0.16545097324860886      0.14456462388525196      0.18930121942356956
-0.12635270428160184      0.11162178844040371      0.21832412211106086
-0.10293865635875762      0.10414736359118795      0.22464811935925139
-0.3640342827798958       0.4221139822898016       0.4099227286886617
-0.39123597034821944      0.4415096887142833       0.6457199642213288
0.03870744930573128       -0.04680615676534461     0.23333991433571746
0.024613728359285533      -0.02506602718458498     0.23355603211626552
0.07995976574843143       -0.08155974749870086     0.23028868044859815
0.06859570925130982       -0.050701064852333194    0.23273745023527823
0.025194030329850133      0.0023233909473052584    0.23359365655404887
0.018514437473402076      0.033690601193182        0.23356802624199433
0.12138998908287955       -0.11928166507406933     0.2172314701390751
0.11069699266192777       -0.08829716771464975     0.22655407077959147
0.14992575588754478       -0.12314576522275224     0.20797741286058405
0.17279523652575196       -0.12490861933741988     0.2012287162052623
0.19061111379106263       -0.14007923545858791     0.18319932495327837
0.21370689031487922       -0.1578758820663742      0.15219009699632854
0.23637088226045577       -0.1724932385387247      0.11495083177221477
0.436656496562352         -0.3375751622113795      0.4628003251323068
0.4476393894710591        -0.35790048506864225     0.6012291541148634
-0.08373323170754596      0.08198794627030563      0.2299300618575268
-0.05257929805008106      0.06954030673538189      0.2326338354864996
-0.03007793478926608      0.08437908211801226      0.23383631646494724
0.02516982388955902       0.0652646954325814       0.23362980166576144
-0.0018240627759247333    0.08275640814187446      0.23449168555126837
-0.08252902051454251      0.11105528137907612      0.22766071142452474
-0.13700733442687668      0.140511144395353        0.20452412275563028
-0.18427946839198503      0.17246743440233872      0.1530234327320561
-0.19193428530683598      0.20894380433318144      0.10328538157357647
-0.15133877261132994      0.16956797269546786      0.18215509346895517
-0.10276690512124587      0.13268993027637305      0.22008714064555407
-0.3272066353033002       0.420755919829874        0.2832657436880329
-0.3401506600490505       0.4350775816744694       0.45355974637766927
-0.36064284982938793      0.44732733200136465      0.604815274835035
0.05344117351498269       -0.017323019604887767    0.23364580198459392
0.1004210409674517        -0.05748037880561574     0.2318986747674305
0.08961390458370593       -0.026498803093779975    0.23418945493284335
0.0505888465519346        0.01821364598845197      0.23361464860905742
0.050326908623975875      0.04879761579651451      0.2331194703949007
0.05393434679786719       0.07786716417976204      0.23241212776557715
0.1404173161659816        -0.09424193551351268     0.22229389047363443
0.13145237875955515       -0.06414777088775879     0.23146518990879303
0.16733127777902845       -0.10078348612609585     0.217856017303834
0.19189111953853488       -0.11193845479499748     0.20974441817978437
0.21396210210742928       -0.12607861901475498     0.19558260036637923
0.27347870978829103       -0.17836727209359862     0.08645604343281153
0.24110015553293046       -0.13970113373477513     0.17763034915872744
0.260010690324747         -0.16271856316871494     0.13078278270757626
0.41879991352948565       -0.270342202896712       0.2593577010743622
0.4382465263712376        -0.298270295233364       0.4365657838941643
0.44589261466268787       -0.31648874365941165     0.5206436958779764
-0.05412697433158997      0.10345906487995801      0.23233095487883854
-0.021260700902339637     0.10844099054407301      0.23564996163169646
0.02910774983365664       0.09309394467435048      0.23420175536023616
0.007356465276794999      0.11081752884010636      0.23642472204375894
0.05768739542179444       0.10468894541113308      0.2318935388156811
-0.06972322832582246      0.13342754544208577      0.23016088593286535
-0.175469770935165        0.23424019220075232      0.11003876767623268
-0.11947866081105438      0.16426725204328746      0.2067228337716154
-0.15801239219580784      0.20433186891478594      0.15653587861747997
-0.13090519063062037      0.18872346679668012      0.19274731226747913
-0.08700903890598939      0.16186896310401636      0.22509908029516065
-0.1647851866773566       0.26143495660394683      0.12558518648967473
-0.17703517652250866      0.3257319884695428       0.13313136696863476
-0.31816172435094564      0.4433580429406221       0.49780855638739263
-0.2977232264703238       0.43809790044539554      0.4350625494640655
0.0821955323696602        0.004862950663620369     0.23445232374170108
0.12225473709294483       -0.03379768458710987     0.23595831114833768
0.11245040682718244       -0.005706117294557128    0.23663184786688127
0.08010118849366996       0.035193775186740175     0.2334903705743223
0.08021488221750941       0.06412889889681567      0.23163996926608096
0.08109932080070777       0.09122888486717716      0.22939946170427536
0.16162491611947466       -0.07035436639967108     0.23240481386634979
0.15330352734357894       -0.04072245167626769     0.23984204053858668
0.187333322436883         -0.08011177548822164     0.2325578822223833
0.21610699639440653       -0.09319830128602054     0.2317178415408763
0.23458825047104714       -0.11362182090094702     0.21614008373474974
0.2535742998058795        -0.11746150921112068     0.22026128993242225
0.2826682881194205        -0.156017320785804       0.1558981008118139
0.2679210389984893        -0.132891926274941       0.20162827098280248
0.30694480015670395       -0.15421996306868407     0.18599139024855613
0.4270865178721266        -0.2559670007350468      0.3707887103046027
0.4411582126827662        -0.27365338845576836     0.47725435100624397
-0.03911148670374096      0.13554517857593112      0.23691775059381118
-0.010276272832031603     0.1329786194383808       0.23940958464665604
0.033780417709427676      0.11983498917135868      0.23570673669521328
0.014117101164792232      0.1320864511513616       0.2390668051477335
0.08484990989541048       0.1176077453936809       0.22671632521425075
0.06217326500504534       0.13102029333849619      0.2318987433100852
-0.05403797226405683      0.16153206470226164      0.2381853822297261
-0.14578610648731588      0.23850538453807177      0.16653455207836274
-0.10439708029757382      0.19140192120292587      0.21605143263236695
-0.12503035614380048      0.21673466296204955      0.19704148825834308
-0.0716595540938926       0.1878620073075088       0.23759681066368357
-0.13694162357917777      0.26801021030706623      0.19320347625807718
-0.15887440558504687      0.28846253171925473      0.15174761060074074
-0.1580668401010374       0.31450535804985347      0.18503981082766788
-0.16363085170152045      0.3374583727092895       0.21287404774284183
-0.2433124882410529       0.4180018451356261       0.3200989272939392
-0.2598147574611202       0.43288937091686486      0.4176225327708276
-0.27972293647805635      0.44449930863260106      0.5042547005361611
0.1076527835485635        0.024578212792912495     0.2353812148042526
0.14628716407619483       -0.008230585764679907    0.24225114414823096
0.13114682049448828       0.01562307939437918      0.23881870986055226
0.10694985822972976       0.052332702580267176     0.23263177713809255
0.10756757969286299       0.0800188739646698       0.2283569284545575
0.1023216615877314        0.1031545161812325       0.2249249453369456
0.17366542646536218       -0.020091617122069683    0.24970104234240934
0.1709671096081296        0.0013083675225706221    0.25000483891451175
0.18555878591524594       -0.04756128769496748     0.24772042023863788
0.2069920023337007        -0.06466766740576976     0.24926466771162142
0.23033619203633848       -0.06413052107473276     0.2640664957082186
0.2475372829290609        -0.09158493418012728     0.25168542300972924
0.27104746226405313       -0.10607636615781481     0.2530786764549972
0.29298551267771067       -0.12483742584783614     0.2437589323639257
0.3192079292317439        -0.12805952354380695     0.279273777293442
0.3307027479037058        -0.15233101517022724     0.23557614757733478
0.3428123356951825        -0.17116887548935028     0.1981998089881538
0.36377233474653936       -0.1783620688722377      0.23909647968716038
0.38631027494742315       -0.19328171777378178     0.2823006202699883
0.420985719508451         -0.23538262889846617     0.3685223600375633
0.40638012770237114       -0.212478321697208       0.33167973882550955
0.4463405887023339        -0.24516571876300017     0.5608775548924839
-0.01801429481401875      0.16358773633046314      0.24638486681742283
0.007037744985466568      0.15128881154520618      0.24355480792571216
0.034837699455712905      0.14982226833927195      0.2402246555718746
0.0646077282521003        0.15537218013783         0.23361095915130345
0.11219359473850936       0.12601617913323349      0.2182202374504146
0.09141549658137509       0.14594435433606956      0.22307396585143652
-0.038710230740876816     0.18690095745356447      0.25119202368929044
-0.01243638302623422      0.18862215732026616      0.25722780499723413
-0.11424304474040152      0.24610727299779378      0.22079079354638217
-0.08673607761296273      0.2216865663020285       0.24019653537069366
-0.05217157554166544      0.21146643272274276      0.2586068994477044
-0.10645295385595346      0.2746367951400056       0.25629776499525875
-0.12956635887367576      0.30032530992353873      0.24331611095184671
-0.13934528362608983      0.32931144357364306      0.27127601212078606
-0.14783327470144392      0.3484106374507334       0.2955587146948197
-0.16898432672040506      0.3611325709039418       0.2656218637350601
-0.18929258908527738      0.38706392415122615      0.3019064982987119
-0.21545370836007813      0.41229530882185994      0.36295826460173025
-0.23323134637759307      0.4399634906274591       0.5286363620186414
0.13260169101448605       0.04087568341923854      0.23623155726057785
0.15787741080682793       0.023080047755345022     0.24405683549972698
0.13338137778591788       0.06926449084237508      0.23027632384428867
0.13122996747094162       0.10125698565085489      0.22080231231063616
0.14272728446985908       0.1346217893643258       0.2047232492112446
0.18724666958525968       -0.002530296327063349    0.2571168212832493
0.1845837234895279        0.017415008631000487     0.2546985139969183
0.20036867233082964       -0.018318068695227143    0.26290531652628996
0.21602283088543855       -0.03770074270914099     0.26791240907774244
0.23908326225453164       -0.040073798996119535    0.2857555167116941
0.25446200870110874       -0.058159499861504406    0.2903052151053705
0.273298188317893         -0.07737634631097579     0.2943961941615148
0.2907950516891099        -0.09178164153089889     0.2999528740092639
0.312608354264892         -0.10382204731493927     0.31716612574865094
0.3398631635849793        -0.12771997269264607     0.3268363794233791
0.3317722663924532        -0.10644900456544606     0.35267860578827254
0.3601198432052123        -0.14964157473828288     0.32652256121174644
0.386874385198291         -0.16347996641627927     0.388441430056939
0.41207103438010706       -0.18312275308097278     0.45929066432104887
0.43882258258612206       -0.21029016774000492     0.5653223765178299
0.014039274966227254      0.1766313792255852       0.25159533603874357
0.08124359328351119       0.17360988102049296      0.22919472440734193
0.0508394267870121        0.17569879927682686      0.24303706769908742
0.12453950745235687       0.15391256629702918      0.2061518821189335
0.1502372842047125        0.15946570660870474      0.18841444160823514
0.10932654787105558       0.17495886469914074      0.21212134692965232
-0.02397062153865816      0.20826647921370753      0.26675178620692885
0.002775501906824585      0.2046760148606751       0.267026533361048
-0.03436455942521362      0.2279491429879585       0.27827747060044655
-0.08289855836720168      0.2551639518150978       0.26818162872641055
-0.05625830646789726      0.24121474854176964      0.2785269128871845
-0.08066814156579573      0.2794929490961631       0.29866562093911014
-0.09564551913407421      0.30174394970382334      0.3115187583171461
-0.11201003094112509      0.32473945762759987      0.3261139909478747
-0.12465254887958868      0.3508356236207018       0.36374212891501995
-0.14464719322521108      0.36635503657236634      0.3620178292723795
-0.15657935803097392      0.38840005052573334      0.41483383673976576
-0.17772681639679924      0.4141182194468007       0.4849638850832611
-0.19927622879395707      0.44121800698627434      0.6030045007449686
0.15972782873288255       0.055537910264760106     0.23733289669616456
0.17982753823208625       0.03903087082014611      0.24818734731016256
0.16221134157460446       0.08556478917446005      0.22581342781683203
0.1647919400469627        0.11687684537481167      0.20827265614365756
0.17148985974294506       0.1473981064608087       0.18428470267570765
0.20664841603244932       0.007034828028408971     0.26812181865516654
0.20493509525342052       0.036566242857844974     0.2611593468439693
0.2330698335786226        -0.009059290076756696    0.28883424262928564
0.25900327841818066       -0.02864482695390218     0.3120992411830596
0.2775138482506478        -0.04714657165316896     0.3270872248967395
0.29630183588453823       -0.06495181775881169     0.3415816373909155
0.3250068357808376        -0.08823516737771811     0.3679707384782836
0.30916427951239395       -0.08149651673779594     0.3453160605089933
0.34421867889805713       -0.08573813504169006     0.41723144538847395
0.36210821421819767       -0.12223847162820463     0.40287116481336405
0.34889744200291006       -0.10837112738710644     0.3923367706866217
0.38646088976972465       -0.12948366254488203     0.47191939684933853
0.41274755679426967       -0.14786239537953932     0.5457606350795796
0.44098092690776824       -0.17124960161030686     0.6503206685620401
0.09820854555513983       0.1927507248294198       0.22113037833842544
0.033096101294921514      0.20255401467392947      0.2608375483456779
0.01485825277039628       0.2220268181268587       0.2785228999702948
0.07104833129665994       0.19775970177868782      0.2413448719657578
0.17233589319882042       0.18006971589658194      0.15667941123266174
0.14009387615958113       0.18132635502477804      0.18633348637348154
0.12237099758265449       0.1990238326449954       0.19983457782020683
-0.008933613025705162     0.22995524060370368      0.2860067700856849
-0.03049761221634431      0.2488266101635034       0.29968731019140055
0.011987534179499437      0.2397274519456664       0.29490615892515154
0.03423016321345889       0.23299432617776106      0.2826695611134602
-0.05311633489908939      0.2681048950779066       0.31011018508270244
-0.025766814232847966     0.2696980428699936       0.32696409495729317
-0.06525316612092305      0.298014973872624        0.3442013390418949
-0.08348063935340788      0.3239487094087097       0.37247409299795553
-0.09936983577991418      0.3422717095351827       0.391013729628099
-0.10304980736514888      0.36231191601461604      0.4404825722798088
-0.12481010784222552      0.38275770777701706      0.46767466734197743
-0.14287325375399101      0.4136812516131784       0.5597615436610552
-0.16288576035651803      0.44205077458253195      0.6693070834129354
0.19204092354647076       0.06671798055679262      0.24167011674672947
0.19227415589321165       0.10390223460012696      0.21653369494006114
0.18977277131087372       0.12968251970394806      0.1937020136114367
0.20335352272366874       0.15645500792222627      0.1590796776526832
0.20741514851751078       0.1896532615721061       0.10858082212815699
0.22809030257154062       0.025152696285429977     0.2813644924782926
0.22469708646670128       0.056485820547186906     0.26495926658770674
0.25121814516683305       0.018981983690527587     0.30586877223233083
0.26627561014267886       -0.0017775749046339852   0.3267777110832957
0.280478588409738         -0.021239731832993408    0.3440184731106619
0.3013364951438555        -0.033183851307374924    0.37411205026403893
0.3269624079522164        -0.060915215341031656    0.40553156701427195
0.35707957072816165       -0.0674366316542636      0.4739625622578747
0.3751997325281618        -0.0959760207781057      0.49200018328022693
0.40957282144979584       -0.11142166640717135     0.5937938700333771
0.44065824921832036       -0.13105280807440114     0.704539595798836
0.18489317224191393       0.2108479221409142       0.11233643189518001
0.09831778819296906       0.21697732642025305      0.22712650004121188
0.06420598792905864       0.22507067322432753      0.2602501650172782
0.1505218302209197        0.20949495794881387      0.16441366160008872
0.12513134782898055       0.2203578919888006       0.19723684905113012
0.11448265885959572       0.23589310398922392      0.21551218036699732
-0.003603827195360389     0.25750448250374575      0.31547256809834096
0.023386310440382363      0.2561599894333756       0.3104363534280202
0.05625566699677826       0.25195795825789485      0.2890462131488531
-0.00986463241806329      0.2799786620998835       0.3457473014494229
-0.03175577359541162      0.2941111460428799       0.36203888912851534
-0.052404283223353165     0.3259420630780073       0.4108792343754603
-0.07662794786342875      0.3539247671920544       0.454939669938586
-0.09006764163139803      0.3847229514208534       0.531611488330809
-0.1081433078743727       0.41287493797951874      0.6115063838022694
-0.12706641628028312      0.4419121103918187       0.7149919039663262
0.22089121020439165       0.09018019154929498      0.23661828208679725
0.2169543781475806        0.1237804041617667       0.19862577403747725
0.23806130862608998       0.1451501997137099       0.16766643016988722
0.2336256180886526        0.17458500441360406      0.11225056781517125
0.2495910027521548        0.0452947757036172       0.2935612063270702
0.24957789941000996       0.07759538003945574      0.2685113147686798
0.27526101112642903       0.028141171107671146     0.33389844056554413
0.2985332617307079        6.396944461019503E-5     0.3772220788498575
0.3279769048857472        -0.019161440478840996    0.4337449321138201
0.3558358613112247        -0.038121817763898454    0.4939762345994545
0.38249761544033534       -0.059358661434856755    0.5566970827584732
0.4090404437240637        -0.07643664955773541     0.6318133312766959
0.4400493186101635        -0.09368363365682153     0.7381301640672318
0.16971031954259302       0.23428711571233796      0.12173882295085925
0.09228787123667125       0.2481807200262957       0.25136468962979325
0.13911720499189412       0.2405518722332889       0.17857670441329201
0.11730042406722549       0.25353452476712607      0.2204958504592752
0.014461911972916968      0.2781865112150619       0.3422589333356694
0.044693951948941005      0.2760141690191604       0.32653630715978627
0.07872971721215741       0.27332787166644923      0.2929066753849208
-0.0026586590396134547    0.3003931278677362       0.3805324050764712
-0.017785667992393603     0.3262493798823206       0.43029506632255615
-0.036643643758016424     0.35487922267510624      0.4922364536348009
-0.05508987100323373      0.3837320975623199       0.5639223628693877
-0.0726848078399787       0.41273628199959383      0.6484861295193092
-0.0912094644430591       0.4416113364324134       0.7465244167353954
0.24909159314466597       0.1124641709486782       0.22516667548181285
0.2678416562887064        0.14013294565295037      0.18620144818151171
0.2609801943796883        0.16498825525582186      0.12508712073696923
0.2712358715645369        0.09364903574065832      0.2716627963656222
0.28195425871287993       0.06614978697588593      0.31791149288739334
0.30399378825331974       0.040134085736019946     0.37515332477999763
0.3289337088768666        0.018304794487356255     0.43613557186119317
0.3562596942996118        -0.001116522392707414    0.5057471704660861
0.38424525488513794       -0.020745064727631782    0.58282175753577
0.41170946470092873       -0.03896276380747984     0.6656689534963093
0.44049996832377375       -0.05667742044850599     0.762471003479
0.16227947341999086       0.2584741069345645       0.131853560528107
0.10773329144922779       0.2721092070896282       0.25151704802613795
0.1332773230623183        0.2661560631310568       0.19965522218268938
0.17755194961622217       0.272963634385932        0.08905695385175863
0.09664480952055407       0.291900302698076        0.29428852625919455
0.032830554710521785      0.30135993725963395      0.37432774746580305
0.0658139417464088        0.2977383184090155       0.3431566560230348
0.01756752688866577       0.3284407513604115       0.4352287098978231
7.677711308025966E-5      0.35560806599303457      0.5040288400172396
-0.018030869578769475     0.3838189623429007       0.5822066627526215
-0.03638199146872021      0.4124731711172916       0.6693455198504931
-0.054900461414508904     0.4414110907825238       0.7667227277898464
0.27906526207708066       0.11673712042902941      0.2432684838124248
0.2889191022903231        0.1370541699156483       0.21089447756774624
0.28660065498740506       0.15812914401087647      0.1525734308928175
0.29465489310125903       0.09417591014836782      0.30228779180148163
0.30917704422338166       0.07402234472469207      0.3547231932392921
0.3301032998984066        0.05412216900536326      0.4187686426281188
0.3567094053404041        0.03572201130369298      0.49762550250146026
0.38443588005591445       0.017048561887008654     0.5843144370557606
0.4126642503622357        -0.0013779260286318207   0.677035749401568
0.4413490668972288        -0.019242676851931324    0.7765298984272803
0.15593158824061104       0.28171736548878235      0.1555309031922704
0.12587273590487424       0.29134338876511345      0.239389590673037
0.10966893762434604       0.3102045585624921       0.30188142529050227
0.08710349825927688       0.3164704251959272       0.3517389326625598
0.05710465474581159       0.32738674568641823      0.4100352435032439
0.03618305151314887       0.3562220801029066       0.49607743138338334
0.01920014639397544       0.3841027599559182       0.5827865462906479
7.968784258287351E-4      0.4124048718082043       0.6761649752838091
-0.018027382222627623     0.4412939044931899       0.776497115174804
0.30264845607299296       0.12294649016787337      0.26181519791738483
0.3084259163311644        0.14730122996362993      0.2090364871943041
0.31780569355927835       0.10167920656628918      0.3311210858685496
0.3315223082794649        0.0815649437081429       0.3920404031359923
0.35659151726177074       0.07191631988032957      0.467764986168461
0.3839858559158977        0.05402044586663382      0.5655063802332396
0.41275081953219955       0.03578842730069612      0.6705305641859748
0.44157526737991337       0.01776564527814772      0.7775609614344106
0.15344423066500282       0.3058090980740974       0.18680913565978582
0.10769117232903          0.3291391840150997       0.3442853863087602
0.12945830634723357       0.31806445521644866      0.273634096587345
0.0856974735895108        0.3424534418044618       0.41278394275767966
0.06585517983051252       0.3571272223105492       0.47572184502730624
0.10798786187446767       0.34889111965090347      0.39304418653196965
0.05731355259890049       0.3847374300717731       0.565396636993534
0.03895201182179555       0.412101660366219        0.6670244568165917
0.01928097299290912       0.4411656499352614       0.7758543200955178
0.32696117214332365       0.12977452903990996      0.29117444437190493
0.3342606704124112        0.15903815960170958      0.2214206477201687
0.34914833355411556       0.10557726322014824      0.3982128481899058
0.3825412583333237        0.08984627474348655      0.5246156638396712
0.412405873472899         0.07244179216593487      0.6474799840142847
0.4415216648567446        0.054744857479078        0.7672103257880155
0.15134425558468034       0.33126702228818605      0.2400306867585054
0.12872850597546795       0.3406234795937035       0.32633811987005584
0.16909848819809936       0.3434967486256017       0.20830558120292908
0.12176928512283916       0.3617831955248882       0.4028655852412464
0.09571764227393262       0.37464551641004645      0.4905972962399471
0.07518528201148333       0.4103208328666086       0.6375796347096808
0.056357159602865727      0.4407302232264116       0.7634921266163218
0.3563829024807409        0.14283157529611215      0.33416637231119656
0.36050008538013045       0.17349335713284414      0.24616481792191913
0.38312018568238343       0.12468295098962981      0.46924015106868916
0.4122414143830664        0.10864761690153314      0.6082979766156366
0.44144800555998437       0.09153326956589075      0.7456057586096877
0.14840534085506235       0.3599983434073728       0.3297845648512809
0.17711832392550206       0.363862409061309        0.24447675601635535
0.12800707463526534       0.38475751856241497      0.46854479034176694
0.10950618449538621       0.40949111679110684      0.5961276366047515
0.09287408113768421       0.4402869830976016       0.7397499875580498
0.3851011982022142        0.15964870819270333      0.39195128300816745
0.3847284160948189        0.1898337356616306       0.28768207422229697
0.4124485431870978        0.14488844337504864      0.5502165451904727
0.4414846200627099        0.1284929705692084       0.7113925518970684
0.1623459452517176        0.3866604272925134       0.3908599142490239
0.1924105393880766        0.38609348645469344      0.2846199101360894
0.146687207949845         0.412739527079133        0.5480574099351073
0.12978884169683966       0.44091744716535297      0.707235105319617
0.41204109932657973       0.1800902240641574       0.46727639453962727
0.40609326887930863       0.2097634968088548       0.33932987457541275
0.4414976351111569        0.1669832821241944       0.6600006477620423
0.1814078587802808        0.41255971383932116      0.4666855323963673
0.21170014959950045       0.4066864238559766       0.3365353677220145
0.16906734283958053       0.44205093882408847      0.6598805294344153
0.42086435847102505       0.23290378335112605      0.3745840203657755
0.43830826432562126       0.20520010509386172      0.5718824426228276
0.23523627746324355       0.4210214959797983       0.36923809301496796
0.20844151140889153       0.4403716258095567       0.5798529134528879
0.4349527802805448        0.25747467343174507      0.44074368486783566
0.44628308932232275       0.23551716512319976      0.5755615944319213
0.27411003224216285       0.42168536654149524      0.2826731264045476
0.2558924081387124        0.42892000401499475      0.3879935644944518
0.24301991787892496       0.4470837023450527       0.5703688250936699
0.43827716671061423       0.29710460245376563      0.43685198078559245
0.44507503928849507       0.2786680496326347       0.510509259308646
0.4210297685034557        0.32675696339333066      0.2851995535723447
0.2936239472822178        0.43580136646821493      0.4121713040228486
0.2706275390136533        0.44585289250380195      0.5243867554245579
0.4432801498731589        0.31754318467747344      0.49647615588439015
0.43541864009163456       0.3395278006835234       0.45537613003711513
0.33699562574010955       0.43737072574189756      0.4683050890310705
0.31499468595717767       0.4453090471267367       0.5138173288620032
0.4225984619561552        0.36350499695307564      0.4119834651694702
0.44736009675844957       0.35978699329568903      0.6031591275968511
0.4070212374935601        0.38688971721069193      0.3988397413203311
0.361733757101796         0.4238121155632856       0.41572512702715786
0.38607022727101215       0.40845448337328105      0.40450988720632713
0.35751531962476624       0.44783565440211076      0.6019802396295141
0.44205734238899186       0.39004919098697055      0.6455524071492516
0.4141566931503601        0.4165161234862317       0.5947922390125355
0.387691135727817         0.44141347564798633      0.6342516268581714
0.44518812403524344       0.42932120117716605      0.7829496822067706
0.4194607419005675        0.44504871583707156      0.7521340283394069
