-5.391451339174333501e-01
-8.748203830674790016e-01
-4.649750600232440689e-01
-8.293750991442563336e-01
-3.776798819722042566e-01
-2.501611687476892332e-01
-1.327669189113760417e-01
1.142821964098452714e-01
9.593886703936260751e-01
-8.077294980157356807e-01
-1.718641939951814912e-02
5.864437428634874383e-01
2.395792289897815674e-01
-7.783851448131657857e-01
-2.394945388029783295e-01
-9.370950282229810746e-01
5.298502749299698333e-01
5.604789722373326732e-02
-2.414668552074823449e-01
4.247310664350791853e-01
-8.754224820707621202e-01
-4.796977328604785651e-01
1.949235460750959881e-01
4.779174219444539684e-01
9.200585931204494639e-01
4.667173267001976100e-01
9.249337244956081783e-01
-3.690794062414746168e-01
2.302176180554653673e-01
-2.472228281951758255e-01
-5.598799508383838219e-01
3.396281444020312623e-01
1.264190998055234605e-01
-6.990393058135804250e-01
4.250938101964951699e-01
3.241248028455903096e-01
-8.055525847477567059e-01
-4.080343090101781200e-01
1.297514030280193520e-01
2.652650222705292826e-01
3.118253907685581972e-01
4.943693151148518261e-01
6.222048365975947348e-01
6.630159896177754142e-01
-1.239761264755561143e-01
1.941703937177525763e-01
1.577048816035182544e-01
-7.972028704590483628e-02
7.558861904907601126e-01
-4.419842328368228657e-01
8.201714248881986080e-01
-7.603944602751064874e-01
-5.690805648642660586e-02
8.300938338328229804e-01
-7.597787408014184951e-01
1.051315031458817106e-01
-9.684977429591932196e-01
-2.415835620935078421e-01
7.041932652544307114e-01
-5.864701654304282918e-02
-4.054804886016314391e-01
1.339343702673529979e-01
-8.978302847149375321e-01
7.613801587080071265e-02
8.928609403540843648e-01
-6.099791620268235626e-02
-8.578076042919193789e-01
-1.860199697847524369e-01
4.394579458710130559e-01
5.396876956581007079e-01
-1.363889127385966571e-01
4.905802665994141165e-02
-8.037995611915098593e-01
-8.249139592492069628e-01
-5.452598809930437884e-01
-4.134108401700762325e-01
5.087799884089676539e-01
7.830202475259673278e-02
-5.342485746586997930e-01
2.248058364604632597e-01
6.356459773622062936e-01
1.312304745859795840e-01
-4.681815227511449962e-01
-7.825124246306440767e-01
-4.348195748336036726e-01
3.009687823243334392e-01
7.940588831011741178e-01
-6.358456144333433091e-01
-8.323420891272050870e-01
-3.192987701976555126e-01
-1.305908901907519848e-01
8.846090061418594441e-01
-7.788386072361288548e-01
-9.110182703611460209e-01
-7.303099327449902312e-02
6.774740623099118064e-01
1.785787115147947635e-01
5.335611627303689097e-01
-5.877740899758536752e-01
-9.848308394349558625e-01
